183086.852230053
256621.908680599
193083.590744209
206698.278552534
176994.289440564
187766.837479061
457225.363915166
208389.452150733
119056.144870266
214113.278535597
192246.579677817
151581.76584051
137253.509932061
129032.201663462
100298.07413731
112286.06704666
114416.105698394
149011.756732197
382489.034066705
260811.604007197
256301.707502521
449650.264493355
209069.609806744
492204.744976394
335407.426649655
302054.322355631
178516.097421438
170492.166891041
192513.932875386
180273.518132596
218649.761096205
194538.729413266
173766.537871359
221563.395441285
341635.60927084
385980.330837376
301592.758168436
217978.303828804
382620.960435912
199548.660402748
249891.537303157
227941.459396556
125702.377769815
161510.539220988
103547.851686187
141048.810560002
188379.249708001
235423.104215712
283848.193291895
241343.692200208
199001.258748658
173741.657355072
167990.613619635
180786.83998887
184499.784812013
182586.025838675
165418.247577372
283427.700836743
174176.140592807
238522.13850985
186097.799570084
245544.742585901
193673.275322838
145785.731258932
149683.031311235
181180.158977494
147335.723949903
148155.521818703
82888.7199180108
212273.961444515
137900.265259541
135150.851400903
181582.775658445
147875.863110539
152311.914121373
138098.081782345
120129.316287126
104376.633890652
99368.4904787607
132709.071414623
134910.615694099
170079.293725959
139639.666892406
153691.28123207
112287.176376835
98953.1898710898
114566.061411667
155191.323405053
79973.8217784976
100884.459814759
129989.381087064
129240.187243302
160224.745170262
93916.1182015385
138887.445531671
197781.256852215
83969.4135455551
119921.445980002
131108.51987528
151723.605221373
214132.868078909
89197.9393214037
140058.906388691
121753.241455401
159409.370920334
126935.731302054
69451.2633175438
152482.119601995
92730.451102766
150168.828685626
107766.494610398
114963.972434341
127942.027592355
146059.776141441
152988.993260446
156611.062429116
273818.583681319
258968.717253522
66045.0257928257
244117.73216209
80054.6207613523
108927.315419947
108825.947034812
236149.539276603
161815.547405876
253848.194810814
186644.669936896
304802.200798924
153982.485487229
195562.341422355
131675.919910068
222086.891780892
233633.430470384
147753.249814311
59764.9363795229
116173.040459663
156671.490177489
139408.519840313
137381.950372199
80968.6742059036
125548.542232735
120825.416793467
161939.628610506
117672.073628638
205808.885511646
245128.543438493
267056.605342766
343423.900861993
203574.046100388
193276.753465449
62484.9333278485
80592.0743931008
96179.6266635449
312284.585899867
233398.055042343
152493.154739167
166555.827752788
202128.530838821
178669.574243709
221295.908832722
337846.920005705
143934.595457301
178470.113419356
141366.120079165
96252.1497758666
100066.164193249
85016.4132966863
101183.852045405
129027.526419656
133290.862885582
139059.184223808
119023.805369969
195759.389497668
178831.024716353
328192.624380716
383913.339224246
219889.47148389
271424.177466233
173290.428666513
184809.996827257
179544.03445059
488998.036586578
295066.051622348
198153.350813223
243059.571769648
176026.451867252
180548.245629557
182204.198218663
181253.568958424
319882.758278288
153967.484780637
230586.788363082
249932.837237186
197314.555551015
157550.474824007
140251.351548866
130856.048278517
111224.871833335
114199.856314712
114727.859938481
136114.196095074
114963.952902083
115874.77542762
131960.187647171
134572.395602822
150355.706165642
153074.934956085
118569.041781079
152252.62697484
454523.402131968
449589.36811626
373758.189130185
415314.812020349
344267.862050057
396655.824079163
391312.795607049
389330.170248523
468894.077069895
315125.879502044
365684.359193135
350430.189812361
336866.139847502
226589.840867253
198720.864062382
215872.77759573
439268.324399403
380855.151001914
342682.095006833
248793.208346728
181119.49473739
180907.136898219
195458.608668726
176193.872149344
169075.194776308
195006.231572372
194285.97208672
182625.419307341
267687.476447739
220913.690606251
173191.214552397
186804.413554114
259558.22404378
182235.420233516
229931.448132122
341208.618948261
319501.612267528
271576.653514092
255010.733785738
270341.490128322
244591.119252255
432537.595994767
251534.007555834
225593.79785708
218073.212791901
226964.471502924
202295.782138922
266939.664137976
327302.337021963
232576.181239927
278534.994011951
217163.603038183
286523.892878349
277358.794256559
211029.781627107
177960.876591861
268559.065068783
188712.928108064
185674.829448405
165639.514675064
160052.842621668
86706.4418544664
83856.7397434556
124551.192847597
131743.277328606
132975.17700546
115456.646848328
336204.231141652
294858.225078657
166980.083691054
219808.628035673
176222.167624335
216546.083635988
170550.284429986
185691.416650355
218964.28622307
164413.398328896
167603.015940641
209039.393872984
213712.65481608
119758.97518128
179746.408955859
170867.623978366
118762.753884267
147643.144337322
156397.941574392
139873.450984784
157510.688264673
164977.879973755
143059.909575487
146507.416240455
165317.389433473
142702.891183858
171690.52086054
121904.455008393
78538.390043646
118720.947280061
161822.368283058
175459.576223003
169741.447388542
134792.715629893
122691.271344076
150303.057521462
155526.818207733
147042.259034631
142983.846830511
133976.051192321
138828.282260201
173793.238625163
133556.603019092
138717.937024913
146686.100094379
119123.030162944
101081.482045713
118469.581485479
163269.502918223
133971.88706254
180849.50615345
124320.461965694
132596.564897282
152406.437383901
85604.5421569066
111127.968248542
123147.96072206
128738.309560034
112292.480437467
145019.528540736
136579.770569303
146366.134909963
102875.216365993
116760.962318603
140939.219328433
96146.8182971796
138597.646811559
132582.276882957
142999.260034014
127039.768082578
114657.422819555
127480.874152723
64819.2547312655
93538.4289780272
121185.138680601
157736.9254316
134105.440586401
151996.096916967
123951.364573266
30160.4692425451
144434.323937189
176385.143273431
133867.760797514
124015.583770183
110869.782696377
139658.313917985
205095.441809413
174992.576062203
127436.388624812
131714.955002199
129388.189388568
93842.9691400959
135904.297774806
154500.533259112
137045.499454328
83710.364832234
137586.246817861
134334.401370803
135594.624642387
157907.532894443
153925.050183943
184439.129008274
51531.4445089739
151332.335853883
152345.350740512
125015.106978186
100329.855985932
158116.312087211
127252.686811969
129810.40557175
116694.889492619
115049.779813429
155990.327080301
204627.304600461
218545.794249135
161650.448762863
121951.87058029
137299.867309485
160699.281230014
278843.175643741
269791.237344187
327817.702117667
304903.242486394
319617.302141752
320923.514881512
284788.734194258
190467.215801153
257988.823230817
179664.50520804
259218.325462191
157412.763940393
152285.245145596
209781.841403772
202007.490539343
206749.750308177
198420.434716514
218368.362849242
214903.237620696
126441.747170141
138799.058213076
136743.153713874
132149.564583575
137811.724983567
255312.667337446
257020.176168352
260723.196226535
195970.32273907
198336.298715439
148220.27469069
184429.496406077
111569.509054933
143576.144668858
261411.227357853
139381.103445336
105497.008899185
138811.434221859
89252.1527217384
98051.926598509
69951.7078734623
67761.3405670318
138841.558852651
140504.317256261
153354.444544799
120781.883941342
137672.388482555
163511.97578301
150255.613259472
167587.339136013
149056.604986281
137836.704561231
144554.881672949
222101.036157221
336826.021383217
100555.841086627
63961.2548525609
65271.3057316372
340229.461614453
51474.7954448753
238101.740941972
254284.969166633
216005.20048781
180536.836098784
137303.458141122
148349.162298271
274246.001162926
208506.376396142
372582.534760829
313691.436514391
190897.649325637
234854.574181149
218907.261553951
144685.829385984
166729.519203367
95479.6174077931
164357.531267578
139744.089021467
151010.848614936
162380.703882689
149577.427157036
175247.777061588
178676.938278555
264794.434137823
215515.24520159
201660.476227725
184912.105679101
208541.555835242
216564.254029297
346505.44433106
412020.060433956
151388.888380576
215465.177682636
186326.601955517
175810.103221472
262714.896053005
223677.233615483
166181.68254068
189600.914627018
307423.761970463
154532.836523662
161375.672913887
194315.330355547
158701.898521636
118746.169461024
115517.490246332
114233.7889736
115226.484683697
114178.958380084
105400.801195324
122786.806532166
151789.064945123
142924.804293245
117473.164906375
406193.535814162
428668.685228849
307354.84051302
446266.993333687
288072.343595561
288229.819647443
294842.728407342
368624.502551737
229876.444040194
188062.490124491
195965.996482313
222509.881682077
188593.532696353
180743.490444058
173029.629218857
218640.537556498
209401.662168604
197408.438591784
186587.461599908
364545.245271994
302402.839899162
274511.293036976
342959.696551473
258382.958769601
263875.699605371
255624.649858049
285904.875582066
220197.684335319
207727.576389986
208736.422370824
225342.757447309
278327.211958043
258059.655896909
203317.462446014
204434.733054606
191685.582260806
144666.519808212
153454.997386782
161195.180258381
169616.43673513
183079.335373994
206505.021867058
182559.008877909
187041.957224231
158610.176344906
130276.999214323
107479.433461348
136000.697415927
186691.412049451
139336.104571736
365934.645005509
195508.012192213
182566.085910478
162812.1940783
160499.696329361
185547.938565144
179898.006103187
273936.665186452
236805.233435031
257658.920976338
265109.747576058
266611.72939646
172482.617876796
179469.822993413
227108.134640904
217104.277267542
156247.482937073
213923.487466021
178642.535413669
153767.731883275
212954.01302474
148406.075107831
148727.475193166
144335.487060703
139151.988053243
140163.528036737
144052.120887846
181629.100587297
327780.077056793
175250.619033661
193612.270349116
112442.94114668
115218.566595509
160624.124890085
151199.336448107
145221.883429553
177403.878781522
161789.554617515
151680.694614148
150873.577489061
134013.865154839
145677.529836552
73638.4921901716
142270.085223544
153092.978684707
129031.07143909
124004.600813046
208843.906803946
134458.26981102
154225.247365986
209785.220177402
127978.893758527
135474.930122808
162050.630239004
140842.931879414
177254.041647361
138376.197896939
134209.539257047
124418.049203465
169649.488541585
102256.604992514
144189.237355314
140984.756575373
99955.5129483611
159145.498125099
135829.706943568
180958.00309671
222992.440960933
117339.436121545
160036.979438122
125490.764885227
117541.01395872
124908.334117647
144492.600964119
114216.068703292
155170.452340823
119770.160166019
75900.005013497
236482.459986385
198287.195417687
127380.072338224
81309.3395805358
152570.128299571
141674.861985136
114884.736717914
147298.666944949
83074.8156304535
138297.004445358
136888.851450199
155172.550106442
158503.488635636
132838.892640361
107476.771217466
130140.616941812
132802.33720777
140598.278294898
129286.786420599
114786.74337888
125896.727695987
135414.354717785
109651.052319683
154534.989773664
168231.087310517
144914.222081296
75005.0290405987
189366.961436966
161295.963186643
148000.215450382
123735.12248192
161782.637195978
163467.334282942
122742.317045299
77286.4727097314
136543.480813494
145657.936522748
111040.858581789
141865.974592485
135648.835188532
141391.954007872
140921.220440712
135639.580167915
107891.696659863
146121.677236631
166936.629727279
201018.694281282
148058.272735906
212804.399216535
199223.847022624
210787.371075571
207903.422910735
162106.76277187
175167.337875272
145179.780550745
140913.59256278
139520.168441388
90797.8096487328
97956.3802401886
255310.073348584
236818.602831015
230717.718476751
249805.973188905
361141.798000607
330043.46130686
198426.579520937
148085.630857035
201117.022549561
202736.080323854
215639.340804179
217944.039963108
130810.12716804
168037.925351217
123638.206640308
127999.983608787
242604.237978947
234862.899454777
282193.126843309
288188.589414633
311493.144803607
263232.810956063
211511.369160668
193283.816464769
148511.627310584
225256.888476788
213587.353756674
195536.337363586
194810.42357964
186014.006189139
150196.537668647
150471.558013693
120577.494105446
179805.815199319
352467.948141273
139785.618385962
80804.6753586285
77830.2198914861
87966.1848130923
109251.28220348
116902.227925967
132001.53753837
113374.007100259
121896.457746212
91550.9597662997
138048.921226563
182540.962108242
221045.96343388
178129.318355198
95605.6786274013
171082.05311515
129210.933522116
233124.434375392
381596.509140716
258182.881910862
259786.700889087
213025.745625608
161534.511465121
119725.335480116
104841.407447277
120649.952727486
133807.229659744
85911.3425402737
83363.5660779133
75538.8862099491
293012.604140811
321902.540841863
265305.709842834
213271.221183594
149707.229155829
105852.517853959
212560.664958546
280093.175842854
304371.766556702
258519.366089916
164947.255144804
206283.681406698
220264.760705117
319381.952026211
284390.373395076
368096.633889204
205688.594167621
202560.765608797
128925.858329905
119822.973291081
102479.494960483
99913.956473267
80601.1542174704
134787.454918849
130103.522065845
180470.556896299
246229.979826166
263576.486229203
197090.233443118
175682.540978602
181517.754836777
158734.237611758
275423.98740303
200524.626699148
173180.918782244
152735.126959355
398534.584148769
431311.480155274
429975.802766689
135410.712893716
177355.511475342
191113.667948612
196632.645488504
161869.779823967
178329.763197335
154094.647038914
137653.865815592
173621.461876327
147521.463723798
129326.077971249
107216.239458468
137469.043976238
185590.357316013
124868.121599608
125260.916832531
141001.527338027
135100.538605231
125710.042726753
366882.666139023
340272.149588068
374136.399940726
452552.991444613
350304.826987556
431259.646353115
270194.671277469
398576.996579933
416062.734759763
419617.347027881
319611.133935883
336634.98310906
365223.948058976
349164.0570715
351915.47738535
306505.853766709
259963.166206424
264271.322320799
272706.748984175
200297.653260426
198025.016254746
243500.032820979
241555.207583468
213463.987252491
213465.491133677
180296.238800156
179514.275742387
174999.455536203
189053.725288898
179401.655372434
178388.781237067
195784.717741249
183923.093740621
218993.515678943
215629.664066173
194138.3156209
174095.532996772
170950.570960751
227437.390771046
170492.122579147
183028.048119623
386535.069942145
355479.297011538
449227.227752838
243228.564389376
287733.760936408
320369.926541091
284854.947655325
207003.75071194
313518.563621567
267571.978973283
246762.816754878
275204.506088684
324011.271956865
304054.425177579
260475.241013547
252657.021275178
237003.320552701
313940.954099821
262885.809125201
217227.363764707
202216.845843104
264665.146855679
227818.223887851
259977.400790985
267549.072750881
252571.183907872
317701.750454791
130287.774791383
148752.19533999
155284.648279348
196013.476306433
147960.375400944
119726.821521442
143268.268905815
140688.577460494
132720.00095212
144176.563056973
264442.123758257
147515.95995535
191033.612637206
224339.438907755
232863.56864233
222171.425665224
232068.425111924
210674.595602579
175134.993396673
190271.409553497
184770.459357376
193182.453409347
246750.230116001
184659.587722228
342424.106321259
253379.668832445
199594.121397285
192262.223751493
194369.055350789
243167.752282164
142157.09800447
237056.883646875
160946.05208932
145592.145134361
131669.34679114
103783.282107999
132237.711463407
136901.404372941
127161.490837541
143544.6974628
149511.095050224
139876.704945563
155955.0356019
145928.195378984
190956.330615986
147003.072277265
220943.771248627
181997.517888542
110731.694678665
138684.562057751
51546.6738067835
61328.0513970904
112200.054420667
165235.059559536
139689.445756678
127813.546973653
144014.170744009
144849.985578528
147913.4485598
132296.050731924
154733.464006605
129391.017716789
169059.196185644
156022.873471575
138652.976436764
128694.929395885
135400.361687242
121097.93254364
132104.556929788
134814.085364334
140207.166580069
119487.089777468
140822.19513661
152052.553332715
170020.762944505
75533.7929649996
127145.172333703
152183.326697982
127128.194989581
137206.168698678
160332.332217238
123656.516902404
110178.539400084
85750.4128000795
132275.67894268
95377.1570273379
105395.302168321
93956.5992680159
92249.2490086549
142205.724267432
199420.239207135
140797.605908078
229894.749531895
129632.75393601
213896.761502715
98950.5786485773
130280.275971866
134233.022571428
124434.238273448
136180.047678229
128984.395282658
162369.805434758
179164.33911578
123350.042765739
147140.091882082
142139.461427498
178269.997102232
88465.5329077778
149616.343284657
181718.793379873
132019.917444821
163386.440190672
108117.793933924
92153.1677249193
74264.8627978821
209118.224059162
118758.948519365
127911.346479728
164064.29465353
115798.424238007
153894.673174163
124291.650428554
118620.083042366
126133.869905184
127427.367262856
145127.204585588
162350.971146595
164691.155513641
160500.068874719
144674.735829102
96449.6335331697
185757.710457174
149352.739201448
256404.831373152
236831.869164422
150723.408526983
148056.998549033
99169.6565771732
165814.202702895
236463.922831777
278912.382248092
225723.801538819
222992.856954251
260053.090816206
344401.351081019
202941.281005186
226922.319224322
259315.467438085
142612.346136744
170513.697962899
174383.00571479
201675.679422324
152684.236990965
221382.687826458
210546.871646609
225171.646321984
193584.084813073
128637.436502905
158988.097385687
143209.593698157
122400.437163003
124869.789168713
139078.876043417
313066.871044092
254820.160518629
224962.310135208
292961.43866182
228744.19851216
241052.165158977
276039.065823123
147242.353099086
212003.692066811
191917.495803825
186156.13034749
186535.989718118
178507.196942901
142688.934701692
122197.48834496
153343.978922312
121530.838765064
147981.971108417
146586.623167486
157572.677987458
338310.00797154
125233.946088347
112408.431736831
76798.6244637814
128764.351360133
99266.1548350189
118335.237912144
166557.117270394
171472.178750669
103849.122297144
148615.454299303
149999.453293237
151335.974607136
145827.969154525
178803.183576244
189172.871878888
147104.118041946
198963.076057941
138568.908824049
223974.090850061
202564.161806678
146558.451055505
278025.36950241
183500.450120949
136693.064210708
225630.333771305
334621.756015741
123562.569661303
139384.840446945
90343.3310499988
129947.188384632
160752.50113686
90233.0921052971
70652.7539762604
146812.972491041
129283.556375907
109868.027250633
117469.01551512
321129.173790587
157120.120753879
140089.680806841
188138.044994902
207043.410051553
158028.693285218
177585.70562637
217474.030047933
251184.459764482
179117.049465822
193046.316567025
320173.488364736
287553.40558872
270798.182241108
302980.326868919
129653.270652501
136931.702817074
163731.68396209
135864.065980934
136549.478789199
98692.5226107607
75951.9721710891
83998.8748990449
156011.098098282
190930.346086834
186517.390250366
167471.83223247
130558.692375743
102972.630684736
122467.894016041
124833.764683352
137305.260978596
129956.90492124
149988.374125795
178195.012124286
193195.166566221
188583.202699754
273682.543044094
228304.030487848
248383.995656376
239524.280628935
274985.437979913
226651.677489482
363410.572091708
165390.521901699
175130.08954648
286132.360782053
389268.286346332
446828.685409133
440809.370578928
132613.704762244
457718.240973217
245682.97144216
191059.199147905
162881.520005206
223806.029362136
185980.290230978
276892.5274527
185092.169226855
152643.020921924
167991.919094633
98187.7905853658
195628.607193765
118158.133442005
140392.919603461
114237.258097761
126948.822208864
113511.13613211
116842.76636802
121062.240404935
113057.182187073
148677.101561944
142799.877783395
149673.549127792
419955.676136675
355672.314355817
412522.289707887
263461.173134979
419257.34215348
355685.313007908
336406.906847201
365382.653733962
365721.625759086
296161.533541562
369371.310423171
363340.389102172
453667.653407389
273967.413718896
308248.380943961
268331.407879744
197234.094935741
197430.432295463
343008.862657349
292452.45598303
191624.685753279
178704.254236027
174279.201624129
193081.235647586
172632.587540623
195083.822910614
213984.876179472
178566.167950759
197424.081377279
224559.653733361
191943.222966336
245071.30243064
199421.65345825
238197.588787443
296488.380794619
292628.166593273
419855.713277565
288308.489986428
444303.029390515
330187.365207888
332203.9001712
324384.387470846
342182.424078565
399395.704422534
238019.283557234
213365.362000103
279792.689733497
205685.337563012
198442.993136963
188837.879056382
201175.124126762
137964.169426862
195114.57106687
187340.144508395
185251.184097477
181954.804215337
199238.991462767
182981.332463497
155913.814329803
163409.155378514
121856.113342647
122679.277641345
134555.110917781
140731.929859604
158354.265403955
123950.640419409
126354.698395106
112590.863167328
263824.64712214
335875.725249223
254646.43980661
223139.29598955
166421.075838433
169839.638653153
169839.638653153
186302.189270346
182045.487476378
177642.19202344
161847.054702638
255639.962598274
167959.252008046
203548.022663941
189653.958007939
199177.606775923
327740.905682837
156926.069493704
246017.270732042
135250.43572333
136021.493773039
134215.062748443
115952.836242392
161029.012047764
156175.476077208
161575.330062831
151658.304276416
144184.561868494
138217.177121404
119544.081335043
91594.5342445461
83865.4693746951
150450.854213649
123974.124288983
125013.294074829
137606.016290607
167853.716080747
211807.569252807
125014.100455574
135941.323487365
148009.277661473
148586.534439995
155291.972278175
142600.545606844
139153.690278701
144197.401157914
150532.482546965
144517.636904891
134872.748908203
184451.46232091
132226.32512287
117130.385230247
74102.8988800665
117399.502227254
79553.0383894355
150503.616262692
107055.798385084
119566.062639831
161414.499872565
150863.730155189
158385.450399917
144640.739067766
106300.573216017
151644.587279978
118931.006577955
123312.88587515
254626.462205634
74977.4644845549
111014.658921954
131832.444772687
81780.4995178711
146123.175518719
135162.331240944
141428.860612122
137997.870993643
146490.225977581
111962.33242313
120813.112998713
111679.060550015
124949.068306329
101657.407144214
95468.209316809
92474.230465683
113918.635527139
123876.201317949
144195.37039795
56094.8692980844
83607.7838903759
175566.926176522
180138.174275112
99862.4394680799
155415.555376146
119975.085110407
319030.768373497
98994.6968901732
120732.578199036
63042.5144518966
135983.625954475
128326.569946821
120316.333915941
86450.0736850666
147323.079526726
135592.849904032
127807.866244592
107255.20342774
190781.044087579
97422.2138331171
110880.566336016
130606.203654284
136494.095130035
77466.9676220905
106963.45544797
134745.556683297
175650.740190049
90225.3734226396
164960.631269491
144280.416717662
115163.967896487
142606.546466335
164072.164277909
159243.033516675
151073.437600984
148834.205333742
166818.334469572
99992.3759119052
127871.7453068
251936.704016402
234241.63142037
141324.165290866
175721.072329698
189177.110629792
175788.927707825
160616.019881892
129505.896073636
128977.579103969
179330.040134007
176743.119328597
192171.057606888
253278.43688329
246811.624260342
287167.910558679
216444.778683013
220934.53069187
198942.867322632
175858.984870559
152931.440260632
150254.886537508
185086.252940859
153099.54461133
206118.753511281
227419.231157307
208286.557837362
137582.391937823
132559.36966828
143271.041839046
270733.724968219
208216.446630287
250199.71156862
149464.820910664
149166.544211505
208096.525619153
229234.059841625
181986.550297164
123920.133986478
137501.361590529
174944.871930866
234317.88421263
135325.955384988
144853.650314665
141256.584687087
161543.09045064
161543.09045064
95560.0899091918
122240.49653715
112626.405627988
124645.06100547
145937.422894357
151419.848069931
146600.517769354
137512.687097921
161643.021191348
147387.598496183
188898.028065385
149154.809461835
199041.666847898
217158.686275853
197625.451851375
191925.003807762
199654.643191458
218394.419638865
176268.006032818
248418.243508974
101417.219866723
140288.879143346
74416.0281480648
39081.6562632753
66100.8354105608
196234.834380127
150752.756072963
211157.056093564
142742.54291011
198743.246759836
296567.587179938
214849.893453518
200250.121398176
251086.197221514
361974.208298431
162501.611997434
140226.492514977
160261.65437666
88897.4588544955
151491.704420549
91888.1907909831
90999.7576381829
95657.7174852023
97614.2268467251
164139.423279577
149432.576610367
132772.886669469
133219.062914556
214860.402002132
