182868.91089735
244552.844869041
188043.525509753
213962.317330733
171860.617350177
194534.413646632
418270.93123777
224145.090787153
111836.951823416
211879.646242234
206664.734157843
148986.610911152
134936.550062889
112820.548079394
100507.161311829
105857.730814838
106634.484336081
144075.795679275
376084.61139486
250784.141842399
245018.296853317
449652.761880629
219614.387100728
460966.669200606
314163.093641354
299627.06774872
177928.246416618
166750.69695652
186627.566454457
180019.131304966
208671.782290715
194704.793056196
167775.451621651
212790.002416532
319685.306963076
320783.175962676
290680.700701592
209487.319442764
371354.811606785
193733.228834681
226981.369653021
223900.701834359
123440.174186373
163657.578130406
111435.90641737
143214.729820167
171585.315300332
235022.234626795
292417.582824882
229012.451465594
186561.34107019
163045.24803665
153712.631304932
171786.842316742
178453.325578567
172655.713268422
152610.015243067
268014.159361386
172339.998792898
223075.525219652
195165.348023638
238061.459606731
190676.195380657
142201.645962075
147522.387888535
174753.995431379
153299.49696219
155885.540320274
86788.8855487215
199804.322517533
139520.48881154
134161.354598004
169694.604999419
146586.422222072
144674.353948224
133112.097058067
116751.625222981
105484.532315166
104609.552717879
128864.35160215
129307.303997791
166169.040809441
142456.933848454
152074.425103085
125711.897688479
94390.4430186635
110164.572402077
149747.269675491
84466.5597832293
106094.553512218
127181.157057738
120788.592351202
144670.457908754
102817.906903342
135029.63661098
196703.415106717
97629.3578080647
111301.939012664
132711.374313491
139437.533962305
188971.708146968
89460.018032618
136186.564314863
114337.466080178
142972.64301361
126270.408647271
76680.3027451399
148534.933072745
107881.11496084
148736.716183376
110139.115898714
135857.911390695
117296.288192997
153116.414255509
149217.374225343
148202.045619405
255266.746270203
232034.964226131
77750.4632909874
222292.487845967
90804.8688437417
125080.144796839
98362.0051689131
220765.510719629
157822.174279116
241838.839489222
183254.732823905
287762.124308056
153171.69759935
189270.396853979
129733.281676602
222707.050737188
224153.265812298
141884.764134403
69844.1561774798
112412.475887706
147804.85593344
140949.104729816
135252.032451021
87589.485501384
123680.951010848
131034.478982487
150433.15662246
120816.029563766
184220.740491171
227126.637237357
258310.509633052
279230.976778187
183531.870952236
178695.632581538
60504.9568296066
89471.3250288642
90309.2579476891
269525.823354165
234166.623903786
149094.46715861
177798.234528939
209679.5983531
185778.535660978
216916.124198614
334362.399339776
147401.175110458
174686.402833545
152770.359991163
95073.3471326776
94312.1372862897
84322.7282826698
90900.5468822953
125993.36328192
133819.426716077
154024.230024501
115804.429553773
182245.522855527
173317.231600356
317362.063626582
335652.778471337
219564.632708031
249383.836141261
167715.431848839
184250.608084405
170503.020322764
414139.215777324
252853.671957286
191556.901417663
250063.400817769
174838.297084952
188409.838900368
181551.950527905
181034.001188105
287717.502892499
164546.922979743
235050.077930854
228473.862373623
198472.048323016
160513.058813952
132240.239027658
131654.31132535
109599.96012117
111332.406555502
110121.506147221
121230.48768989
106056.236048785
109086.924444763
118114.992088804
120683.588716016
144917.608927198
147344.549610752
112844.608611046
146867.435650068
432390.509894179
446708.494933909
341829.148292732
368581.691037275
336769.470620264
366496.824658322
386690.19238415
403704.221673823
472320.269583623
298979.592956373
318541.143841106
331855.19759937
305633.266717114
225580.763110578
197344.30929523
212641.723134794
433918.240018591
366478.190725909
330666.966745771
250470.696348885
177525.07988624
181619.07306283
193592.902364492
175422.711229298
164252.898627921
196614.339766373
191554.421438152
183483.522923343
253078.844749502
214234.763653938
168154.448423971
177943.19220798
248258.403886038
173862.521320357
225266.034218996
313262.415701146
304325.679657255
276696.166796987
236250.500334074
245317.653542441
239229.878364559
396523.252541344
231577.478761184
204929.335474002
211108.707549657
227721.530292291
196998.52883172
253136.258673765
322996.502465481
220329.050716125
261306.440591204
205177.122857601
262659.164817663
255046.481770366
204177.848880981
176434.96235193
256726.694533687
189049.416172368
179816.765511276
161665.90773573
152087.902523182
91119.9818456447
96129.36095198
125113.759526531
126491.149381407
138230.72052812
115531.484577193
323099.539602426
253937.744510035
165800.510582369
220210.578717122
165314.823494707
202653.650139042
165895.006672014
177141.158351229
220263.617689733
158646.153527574
166321.484266189
211806.818719076
213020.298499135
117934.719542586
192906.973699524
157615.163755702
121200.351548594
141894.146988483
166324.73522302
150245.323983902
162017.354510076
163442.387134349
146412.843351034
145279.596359085
170023.009815915
135897.436364973
185013.016040379
119882.965675402
83973.6591462347
124114.174869957
163511.425015872
169988.551378426
168957.096831143
146434.328318443
128340.367492792
145147.44402473
157419.220095045
151830.207195828
143936.183943719
144416.885378528
130746.716128681
168720.784396878
151533.432822592
142518.355746323
144858.296678279
124867.806322632
105741.198421898
119931.02396876
167807.69098645
116752.914259511
177950.788222841
130614.728096601
137584.012930817
140256.615226161
82964.9216578112
117735.266365178
143221.929051572
125334.539412433
111870.68932645
135698.558458161
124462.690359344
142860.901044465
104963.600325841
118121.590382373
140150.487001684
101627.658338384
126288.077744039
125876.347760458
133540.33195287
129664.607349759
103352.473960276
124314.262214109
74622.768176927
101261.631832158
131408.246814772
155976.658389976
131922.516896602
142262.189232755
125879.078247939
51288.4860192117
140606.141209485
166535.595378478
132101.759639708
120135.65644457
109995.222784015
136194.376031646
179946.124172289
185154.687072448
129688.758557533
132876.141161469
134431.897848093
98686.4997331101
134119.268863027
153231.454637621
141445.434293955
99043.3346608007
136870.651336735
128159.581076044
130974.413036622
148281.588523876
155827.848184771
179181.681199501
54341.6537367362
129829.807689586
158246.950697875
123227.06964446
110041.249218248
158631.724558868
126489.72342632
133748.043555561
118419.635154438
116253.685422155
162200.455800244
203245.469931676
221004.398277992
155698.310962194
118961.132261891
138117.124367059
158205.108827719
275640.82889425
267301.368638557
327029.59146133
288501.402457562
313483.720510533
287874.457808028
271441.383866173
197254.156344718
247070.224879924
173579.538650932
243509.560818501
149948.448770829
145362.349226868
198606.613043316
208569.266038606
198878.201785899
192639.510299838
212610.010558117
205835.827483679
127070.747341024
132925.67312934
137397.045830875
130897.334757693
132154.715861576
235801.344674987
246824.453468521
250160.297409056
190405.101333975
193313.526932901
142027.486241741
180517.901388374
108661.764537266
138751.525678117
281496.19946177
142541.998756737
104282.729417914
133066.481590132
91334.3257884122
103086.614199925
77348.9202146361
89451.0303101834
138527.394147493
136424.123006551
142480.761740865
122278.69802376
144938.217729869
159613.673424089
149239.95517356
163088.113817479
138396.852593
128573.176727994
131331.041140251
195693.755133814
296288.180000483
104242.246771551
75155.6265782594
63055.2464133094
307672.149244231
54184.6962098819
233060.781407167
235431.539662557
204311.163109415
179251.136225028
159630.198378014
167035.040744703
287317.114428906
211446.186999566
365538.652864222
309412.91124863
192614.926150939
228755.041176709
211081.756890212
140913.323009724
161855.007054181
95637.8228499987
159211.780130851
138818.950637798
139463.972703435
161345.543390463
136814.707729607
184639.411638382
177478.965642998
260496.150996463
214412.818207676
200648.10213177
186509.838412193
207580.560478109
220426.192403545
308108.892932902
349115.87931473
149922.023735902
206098.031182329
185208.525610021
186005.891429757
246240.70308857
217779.555800404
174505.368743343
193721.949087492
279726.664618006
166946.290006805
160755.226642193
195026.551779825
156185.987872199
115351.423087831
117070.251362483
104109.661431184
106885.885755826
99530.5630281636
97299.0436069621
113005.538161791
147824.988547941
137536.01798194
112030.565452754
405070.794055734
412329.860965017
287709.312954347
435695.601272382
270777.43960958
272181.433377523
287281.301022879
348041.230311797
228718.661388262
183102.715306944
193049.055873871
214336.229955093
181611.39147168
185124.180341423
169029.857302566
226124.983642255
211808.952139725
196066.04072065
182493.11467683
324292.556109726
304486.115442653
261241.636325975
319776.554601476
234979.464559086
239739.511914908
235690.502712318
280120.805241521
217326.239728692
204094.219248323
205815.575505953
207514.287888387
251471.521938537
233777.538127578
205167.655692852
193986.205753859
190197.111807751
145959.014032152
145767.74937667
153491.411402056
170528.848335187
184362.956331038
203320.825245919
179796.848225455
191996.7839094
161818.73170805
125693.047175889
109892.387291918
144719.916349288
178059.619949799
142734.039155709
355561.318847486
193954.285761791
180642.030585178
158266.53523047
153805.803981203
170065.795186624
172185.721270162
273335.67607099
232762.674312452
252452.436598406
260517.428409584
262662.849002349
166167.001230772
175661.917395371
207828.731882207
204766.268241161
162735.963250501
199410.466464558
189930.631602448
170367.652787979
213373.191967008
153313.385355238
139873.925522938
138353.481617499
133565.936192168
149095.39434201
152402.266398563
177311.5165382
299884.970766079
173544.951515312
186025.148410032
112361.185571391
112488.950193342
168049.674733986
158801.326696594
152246.983258695
176492.826152235
159531.447609237
146119.064962409
155399.452753332
128769.917229365
147984.638875016
78895.357105529
127233.648089178
157676.878687272
124021.151105132
121529.87902728
201831.747354641
139217.074558964
162081.579043268
204371.106376132
133531.666755733
135471.9937793
162310.576578566
144620.704096047
167743.063002523
140739.417386649
132088.022858395
121015.98623223
170550.108623285
100471.092925144
142111.27366581
131989.357012328
91161.8437172316
166305.054447948
131635.582998594
174741.135456499
236364.769723398
111210.998669246
153465.870605887
124960.034411052
117676.521072816
128286.864791525
146764.702566683
111381.605726873
164343.071776934
124855.205859439
80798.9142227381
197417.66402056
175411.06430429
122200.378795737
92858.8283359133
138704.602365606
137255.655379078
104175.275332009
140178.833618027
100880.239958513
134611.603980027
128930.706180174
155705.526986356
149046.766534166
127636.199808556
103177.102149198
130120.593147796
104852.302330214
137618.43816924
132982.405868698
115094.426237807
125216.429663097
129643.659992252
96709.4833461187
143253.397142554
163394.472236307
135348.504897803
68485.3875267492
174402.667308943
151238.474814062
137411.357948057
113772.584904692
161653.047393511
160492.471401387
122604.655876352
85271.6262349982
129124.193076256
137515.69812439
114207.90915937
142302.334948334
130896.960899712
142662.091840715
137113.963507524
128678.304950408
107877.761761455
141834.493538781
157854.184723232
182533.843202322
156252.713413436
206425.306169272
200492.787019482
198922.277971397
213519.788342733
159992.338877439
169797.228370176
138712.655946878
137476.61848864
136450.962743603
94866.3716644675
107959.091455545
246066.353203556
228934.003300531
220399.109788069
240525.232266446
352919.583517267
332255.04119373
189549.048929268
136783.130345257
194261.680476563
197310.989361723
212580.159921135
213540.171161557
135033.921933002
167244.161132552
122371.339443812
124736.609260057
227580.487928552
231210.046634303
248145.180246852
276194.822240881
290581.412322034
250064.884230982
207329.802564225
188479.589102586
141504.462799018
220022.258586435
208986.565885773
186025.623154661
193914.469499146
192109.729629912
143986.586970665
147712.877892628
120154.370120029
173531.794592437
675201.698292328
138318.073389681
79271.7961663258
80005.3164480254
88819.133052579
106188.189017804
110619.810496373
123498.072471634
113764.124974897
120482.946754544
101604.03896877
126172.010584079
171769.686367709
206097.218288292
168606.497024706
101086.412255031
163281.196698686
126718.080173899
205758.474542218
330140.343220453
229493.572175198
249754.490635242
205958.905220857
156558.839340554
119036.922706026
106722.091182769
111500.311804994
135397.572019293
86948.1077859132
79226.6671751582
76088.4388551921
254669.773841807
277409.229078081
264260.721474447
202139.213146673
158852.489868252
123236.18336063
218950.60570846
303850.121510199
292776.485224583
254931.354541372
152322.664583298
211669.399476469
218717.47567034
302631.694309121
270535.051720648
329829.588924874
202780.2364973
201009.805340378
126415.473123299
112803.918734556
101958.087636941
100453.742262961
84526.7640033712
137627.814831703
123965.781635659
172366.027476262
258240.551225324
282992.952737732
200860.629734629
168881.652417077
175934.36462096
156536.168987465
259611.271611878
204179.695812284
171293.526615133
148695.337100188
344770.32367477
354594.080652649
391945.000102386
154763.136040353
177905.00145037
187171.301004826
193944.791022649
163509.606811336
178793.891067905
151331.952304729
133824.088120704
184046.412166574
147132.53204044
124394.288807215
103650.13908312
132912.189298279
178364.443070919
112032.316473504
121992.786753318
124140.087449457
129563.516765722
126547.637860633
361873.008085044
343741.441097189
377153.828841581
430588.203267167
326545.270898061
410759.583582021
253342.463600978
354115.148363454
378933.172462144
461768.436842234
286422.878260829
298442.673880169
334604.962992457
334900.301623294
315183.217550086
290256.844213117
247646.837217209
257875.576596243
259094.44224853
201519.511893654
203455.138999999
236221.169615814
237800.026993088
215053.871297983
210580.297958739
175268.577952711
177038.294484912
174139.382798673
199356.616972863
183900.933547058
188430.278064505
203157.334066101
181412.971900111
212414.58216894
223313.692298642
193577.673985184
171080.72241029
164179.113172611
215308.449365691
164815.63510744
175599.62915146
471069.734266443
316576.65608475
518297.353432171
244731.98853054
259316.83392796
303028.49552493
278220.820089145
204682.461234344
308467.174298349
241428.046617732
234963.138062035
261790.770554354
293596.601186228
294458.958202737
253462.669207262
243351.434483733
239556.690201058
280169.735158889
238550.109604255
213803.644283571
198358.885148738
243427.141052601
219662.813687271
260237.390280398
252839.055063355
238199.332779579
271479.943023785
139700.609397993
152059.8332627
148220.491076022
196148.934430101
147352.121768385
120198.262525327
134508.574993286
140726.612520029
125182.817680855
146375.14805956
255493.276321192
134583.717602459
180756.969812329
224777.642175119
236342.553254515
218312.500386753
228311.034852632
202722.037453286
170230.587158472
173292.121186921
174336.174369953
183349.933146494
232652.443051874
191923.598781184
300468.289944875
235715.790910067
193782.791493998
181360.316932251
186903.952436758
230785.979735604
146900.404887908
235608.27323848
163145.963515119
139169.223822067
147262.80957406
109425.649247417
135394.407116827
136615.161740704
128786.426807948
151303.452928303
142677.426065617
136962.433174695
162560.363205166
141805.361553815
189872.408094057
148420.517263841
209494.907460871
177040.897012488
111799.4909911
124398.914975705
44527.0649107724
68767.8560218478
113230.138874789
169338.991952085
140200.652115344
143271.38522764
142517.506178636
140459.82793386
144696.493007969
131592.306021941
151265.585496337
127675.986187073
170864.47994083
163062.778405026
136081.518194021
132438.730970935
133449.904680205
126074.251072034
124390.390108829
124745.905579069
152380.896368818
107896.855030838
126114.960062712
158330.269164506
179839.303438154
84678.6314778289
132151.228601755
164245.153574814
123953.618287041
134653.317899121
151292.559120978
131757.579132193
110058.427697094
96855.2344778721
120217.622825354
95118.2328245711
108200.961618134
97807.7172232223
93936.3274478054
135455.765178263
191038.900956881
132036.642876824
192553.826515444
144807.094600488
186266.339912638
97810.3556045386
127286.069443904
125835.631244323
124923.959422836
129779.607826496
134482.503867524
167693.732025262
163152.803028586
120941.23295403
137822.057040779
139384.937734834
162081.171873204
91211.0814678852
157366.266124693
176602.194069387
129229.453107704
152955.266861904
103834.343863371
96827.0928299004
81578.1943147156
217857.660966818
110175.045618229
121898.341084406
160669.582745289
119103.773754907
149507.857717049
129349.590142439
116064.603200896
118665.905976679
124582.33791171
146543.612715034
153672.542384809
161972.459046624
156444.480923389
146271.058077272
95511.8894944151
180660.100666628
150856.594395282
238166.35467305
219514.622928396
141343.815173794
143182.945202467
105292.484100178
171586.423445122
228589.708754809
260401.092639996
225281.566667747
218714.309994748
254973.450885838
318904.801526882
203435.50684407
216021.335438929
261395.48993
130937.02553108
177436.057625459
173553.539307975
194772.88206852
146079.598738908
221227.866856589
204280.158971622
218859.962134576
189286.008053314
126793.115244225
148490.795309681
139655.40798738
123581.269452686
122025.501819892
134670.850554874
288424.191138684
237362.05684111
221445.470930765
258913.025278927
236325.824686428
228844.234883248
256492.763431718
141092.172039928
203246.235852526
196466.365728888
189737.905753915
179089.403323782
168391.168515761
140029.969022321
117102.237002305
139097.700316975
109538.774806103
151907.15969033
147718.052351623
143800.340446405
572249.767964967
124319.621598598
108232.428727711
89975.9638442319
123173.90305918
103730.582073986
115995.359096966
153727.617497625
167126.415332644
101612.657788035
148832.784458563
147392.016710104
151075.991677609
145670.263861179
176604.172480215
172675.241858906
143614.663562226
188346.722319886
135418.047826536
209505.158198813
189843.735228505
142040.398102663
235892.292125326
181912.12222672
122251.262316479
215498.02108169
269365.682833865
112320.582581022
132005.096998957
94875.6699078699
124443.268058865
143180.409152812
94054.5808558354
82967.2699955134
132187.71914223
116422.315839754
107529.285485356
113950.171200636
274108.654005605
149595.100155106
142186.370340993
183331.091578541
195243.696489627
154413.104516033
167331.030294185
221393.236559186
259398.257490424
183152.905022071
193617.983457974
307487.019808236
271150.296122117
266172.827269333
305278.0111355
129705.921719641
149937.025784701
172461.852168279
135510.219609464
136229.455736759
96401.2613903241
80706.6087574679
85389.9577125193
155943.460117583
202360.625256329
189046.716637601
167357.633564983
132037.876396461
125833.827651371
113258.790199812
125603.585876397
128387.466292864
121713.063514576
148771.76868866
172113.048098723
201508.331114128
185616.93533329
281669.426023713
233729.101541326
237888.102670197
227856.906611499
284457.008728363
230951.765980458
292898.163183123
169434.515818432
172674.636877976
270615.075758066
342266.141789915
414437.725123698
410743.718671545
140464.39124484
385466.375395675
228925.075690681
181334.250491087
161333.929239682
217582.084735906
196123.659343691
264472.949271076
183230.564300023
148571.882618027
175654.66608224
95699.566494038
182422.984980916
108476.724725944
129079.834676845
104016.689228605
113586.93418964
99345.738726972
103960.64208886
109557.293709654
104804.026105159
152458.867755301
143198.951360468
145146.202331443
398924.179011376
334176.738663619
407471.476020213
260992.699392635
382533.567483614
340187.792580974
304311.401433635
354929.77136385
357747.036307026
289711.589828853
351886.117209894
342757.503558044
435550.392675524
277885.689208074
280048.556285576
279265.244934321
202920.891730175
203130.037847971
325179.126973859
299060.094748841
194170.310775425
181178.655340776
173951.510179447
204272.89063381
172622.812385334
195935.596844557
208677.144760376
182277.550768728
198175.463776871
222999.14546677
193553.785289596
233788.030971037
193614.057614047
243039.147970589
273310.298000383
282769.161594037
467636.318971603
276090.54136428
464271.555383735
322930.749412842
308883.467153525
319860.459164385
292826.7940173
351746.01116198
227478.918696549
207199.234034068
257084.390894946
197252.245564597
189963.572089922
187403.080653943
209186.029923005
143981.405145489
203334.655331718
190340.652672559
180126.539503365
177252.577342917
193504.319441724
180594.235535623
160651.180800378
156493.205627891
122218.825368845
119150.854519852
127516.331599237
139431.601072557
164393.725212702
116938.274080694
128056.333126375
111883.387844157
282550.570075981
307218.151381293
261530.53626975
212571.371722971
152606.73585711
156167.483471997
156167.483471997
171375.906436798
175784.838162559
173307.626370398
151288.954596766
245718.036594618
172241.678719988
193327.008061765
175665.842149174
191232.452673063
310970.408575631
157257.640769174
238751.933772269
131322.571447564
128134.223871597
131038.523018321
115088.983056312
156792.794762727
156541.563045687
170848.249536327
146762.830026176
128222.234945108
129996.783036067
114016.119066736
92231.8335263964
91151.7103857128
162001.521247747
148955.278301713
118758.475551054
141396.993577034
157609.395393704
209786.530768669
121053.061203001
133592.879599173
151569.185203829
153840.147872478
161454.010507415
137195.049535006
141142.547535188
144761.664795432
150988.137759181
131464.215253386
126656.427736012
191089.363014171
136559.490768353
121582.2216187
87657.2141977991
115226.255382007
84987.2601610691
154600.861012337
116949.165725078
142595.715772202
149588.956652002
146149.655919241
174721.095228343
140612.352183736
106044.337502091
149499.897615438
120824.382339618
121628.078216047
254888.917132761
90473.2551566433
100850.674827231
123551.150237863
86359.1822191855
138496.080187403
127335.692639667
139609.810116015
129711.20057803
144545.237861552
113162.590341507
119813.244191094
116883.021342836
116561.457359622
106966.723759819
99894.7804241949
95203.1720241419
117681.601009957
123699.664511252
142734.817856525
64804.1647224288
99009.0886819026
154059.562566732
164860.146826202
107645.905523631
149372.464878456
117894.071686993
322824.153321673
104279.400570311
109550.251605318
71058.2257466065
131453.838557243
126187.001770622
116698.453397239
99875.6868429652
134216.733651508
127684.381230759
115500.601255603
97739.3481079549
172168.934326418
94647.6119136445
117951.389006653
125093.712292405
127989.625346782
86897.1288035991
112501.299920301
138143.985115608
164393.521968363
92246.6111053229
149283.866887017
138589.642093962
115529.256522272
146645.602758668
154959.740922817
156661.008513918
161812.88909197
159600.293265938
165892.853731666
100002.692373828
131837.697275074
231159.874361404
203080.490950662
130500.402004574
188823.19829315
181969.021406646
168290.212218012
148794.703189215
146364.005521367
134504.312937462
178698.537732503
177973.630156714
205252.077648116
240646.502936249
239562.33007332
289495.459847603
222228.854590352
224126.999378748
197425.999719265
155313.07600373
164506.415522265
135501.42439401
172017.299435633
138427.617908061
197827.879407618
222764.584125874
200871.840995114
137410.723102003
127419.584892423
141163.908156613
257722.047913669
200235.524145779
229422.967007408
142515.731930199
141730.202212645
201956.45199592
227203.496186015
177985.744705915
116064.888761332
123187.291819792
183390.633128204
223282.240857181
133364.655706464
146486.206587256
143607.994966592
150888.210121134
150888.210121134
99624.6819038122
132194.253483695
117478.624666807
115244.858778198
145953.88593263
144616.056357987
131076.707524729
123947.937977475
153770.177991158
148337.625881435
176804.53461108
138720.995072669
192094.394410008
215657.088126472
188299.681028071
181829.05446622
198288.966020607
207711.671960644
158703.210754404
224658.135296543
101820.149408723
138117.107123252
78496.5883678717
54117.0543429993
67027.4999998254
193022.946842685
160797.072169966
209953.489735493
146236.32733716
198163.169318134
276777.003234525
147654.291963758
206260.894623392
240344.660718298
332637.417495811
159686.349912799
132125.919165385
158425.668396675
85504.1370951482
156467.655360893
92515.7536458974
86184.9769995196
91505.0562615782
83873.9389116156
169298.300927988
148523.20685739
130482.512236623
122642.168970577
212148.346122448
