183757.855893026
255537.561078511
189324.868311886
217368.33497277
171919.263263829
197185.653698541
440214.211387795
226031.370179917
114239.299858985
216171.224773536
201609.944535865
149729.261590029
135684.334334574
117465.895931523
100289.310310921
106820.181674009
107278.825305791
144947.644273386
385187.231044366
256294.017537366
251316.328156137
451317.251562387
221746.836723407
472413.319333702
328275.748241705
301995.269460532
176854.69824187
167772.731321496
187960.399718896
181093.749122088
212634.772853812
194732.665987455
170037.664610159
215945.384989965
330817.173206495
338439.649783868
300155.083029165
212542.077674134
383121.079512841
193463.445615493
232679.587236185
224282.504372123
126629.866227819
161972.991510422
107153.161788092
145143.235589174
177001.292685531
236089.654149665
290861.09659752
235125.116431826
192285.598189364
170007.531267364
160940.337327639
174831.614449641
180511.524288394
182103.53444416
157526.781997053
274425.68826324
173008.238081883
227658.967396407
196020.901978285
240677.340320232
191145.898456389
142273.722406752
147469.45155941
178303.042009372
150610.892823174
156587.150896463
85204.836816487
202110.594905187
141713.490893779
133781.735256291
175953.936449062
148238.74957584
145775.18397381
133463.743359818
115247.993179471
106034.584219495
101269.412843454
130240.432669396
129255.871741514
168645.29519325
140773.377143542
151295.379549084
118162.73624132
95496.6535046332
109990.621281431
152035.674278326
80067.6023861906
102022.695846695
129400.605523444
123376.737411749
150357.466940517
100293.967339442
134180.89952448
203221.575335756
92357.4568541482
115026.775071388
133631.741176584
143710.837552476
205190.007203073
89302.7314177155
138408.756752639
115887.966238437
150771.772607046
127411.111112813
67004.7115360652
149889.200401765
96243.7704888717
149359.018265775
110381.177530397
129866.718951064
120469.232901306
152873.677128457
150365.831396969
148385.941211418
267806.357205296
243912.737834919
73001.7128619575
232262.124324143
84477.0911756329
116023.803187323
101056.203737098
224430.402069892
161054.281226435
245133.076166807
180581.410688089
304156.343222359
156306.394796735
189468.994761685
132687.838525461
222226.981516639
224272.383976483
143884.921210959
61749.597232304
108424.110835358
152258.711561209
141064.84360713
132925.786570277
82063.1590809607
121984.521496054
126643.705235459
154652.972673636
120547.015315941
199888.613361172
238527.654990346
272148.37686446
316777.50151946
189591.944000493
182686.150719827
61233.6635366642
80539.4175568818
88343.0197868075
281348.292395822
235100.572850154
150522.794500976
175805.400441606
205029.501644287
183681.036462607
221074.981745947
328169.307173111
147152.509958884
175348.39752764
153267.473242877
92658.899216183
97528.9352549731
82651.9207583405
96170.3788048192
128020.319500701
135451.763555674
151478.521772217
117085.982817732
185066.78060327
176366.842374379
326284.919210103
366462.875771583
226639.867644749
263031.043128816
169032.090538472
183634.453285526
171678.536558347
435372.044905043
273622.248511657
193230.69991589
253384.174750085
175346.385463301
182523.512138991
182565.279235979
180557.794516158
303315.813548977
159558.105175939
233745.012460683
236638.426911472
199824.636435553
158546.826254984
134028.257702239
130523.694199421
111175.268227797
112696.919801126
113011.632194927
126455.53692726
105824.027774128
111883.030582522
124642.443022241
125741.719948042
145983.952042689
148400.285756638
113517.299192774
146303.130156256
436566.056775605
452897.160742701
348712.677979737
395389.554824179
341499.225760883
378667.070655017
395439.294203647
402665.436405826
478175.82387864
302604.602671264
340903.196265865
344862.561076026
315124.466641913
226897.863868179
199182.199663591
216004.821636017
426458.864132429
377882.680246666
341007.307807334
251503.009570839
179069.459656032
181750.461323077
194267.449182607
174527.143786019
164876.483810719
197415.620055252
193421.463999181
183811.22676807
258076.724678849
217032.317157076
170160.816835828
179341.096183626
252250.662934771
174360.64948176
227661.604700622
322287.770600342
315846.289376581
277862.594983466
243388.246697016
255344.083261171
242815.989628526
415927.017451921
241863.499141164
212752.770172932
214684.362458705
231022.98516763
197690.383297021
260551.913969781
329406.551164355
224734.250799557
263946.233450976
209664.306205577
274972.476060143
264006.386180151
206902.200199831
176670.510324971
253978.063104126
186785.992218528
180865.486399926
162174.196489147
156797.148231666
85924.9381404613
88855.8385872893
124996.557366649
126228.66145106
137977.567592122
114984.280779015
340855.477096282
276390.887561357
165983.12311286
222623.436637185
167119.956956979
207100.142484161
167272.162108976
182621.354244065
218869.727736278
158052.504285741
164100.43252571
209786.693901085
215140.082344395
117144.492139396
183315.883962098
159873.966706707
120601.646219782
143280.113197911
164390.041044593
147970.12202024
161970.427626571
163934.957177222
142225.280916391
143553.778601018
168630.030582961
137218.516391301
184880.380256985
121060.839922538
81071.8523687168
122380.514393052
161651.376965132
172837.808427325
169631.894099076
139063.9403559
123426.477601274
148149.510882251
157007.968229209
152118.556138554
144688.187723457
140421.986528767
130444.005948843
169200.162044376
146615.581633347
142653.504213897
148911.726370718
122529.3687367
103996.41955681
121305.394734853
170615.932874776
117919.551081874
181631.125180412
126022.8675592
134912.962305458
144191.827581928
79451.7353738276
114227.850456731
137350.019667549
126390.546507579
111731.754028421
138903.573961625
129387.72217184
144422.571919106
101636.055567242
118168.862357013
141150.963776331
96094.3758042927
129666.063717225
127967.265256825
133449.37239722
127175.499386413
105858.929957351
124974.403571154
67330.0499947334
97358.7293585392
125280.340436089
160438.727366303
134557.989910178
146607.138689333
126177.860063042
42372.2925575028
145734.128201884
176694.174825386
133510.14914664
121305.212910408
111430.092698348
138543.461176458
196384.036890136
187104.751863172
129707.560167073
132361.177881022
133378.650510695
94904.3911053041
134657.748512674
149910.339526572
140128.871344539
91627.2760345582
136727.130432562
126924.611461632
133409.110724791
150136.56366905
154480.68019658
182204.554456856
51450.75210555
136294.644802165
158167.1199103
123583.735424119
101654.23109418
161748.979642096
127699.509715967
131469.852438314
118135.822331852
116965.848643151
158480.581576005
204395.820047445
218731.274484313
157724.97465123
120802.960341703
132219.534918553
158429.947097351
277821.036239256
268085.443491549
324027.332742093
290447.60122016
313517.020356087
301060.640617099
275784.10932673
192631.077107947
247223.393340949
175994.352924325
250319.53082263
152723.529489595
149490.641107816
200861.64145601
207072.639588311
201867.047188179
191737.833501057
214059.680978412
207639.712393377
126642.446341027
137140.351052773
139291.181504181
133573.103858538
133646.213667044
243701.882008524
251868.73114992
257319.98127394
190697.772482485
193914.253446036
144088.813272952
180684.921404974
107941.339422031
137811.633187725
273661.063991789
138896.794448189
104933.591521972
137459.601263141
83851.8167440074
102903.551890973
68113.5994623275
79002.3037835873
141539.102247374
136710.205832634
148722.85011647
121982.012365567
139897.673447955
165100.069971306
153515.937890821
170227.3821334
144326.657468063
132286.35477006
136179.643051992
209305.657289281
332838.992177647
98846.5889635985
65632.4981595555
62552.4716958719
314831.184912322
51284.0859479991
235053.640727004
241703.923683782
207815.988173427
183122.527602029
149743.327073164
158349.641836868
293363.489348892
212922.512112048
362864.23208268
307857.033770411
194787.574932301
237152.772944618
217729.569227727
143066.72774916
162646.548196165
95670.9461832063
159961.330334698
137791.617982533
143277.56158104
160541.160518559
139865.504021348
182553.110159409
178274.565205151
264069.701073206
220107.560230964
202803.664424949
186535.267470624
213114.2875222
227187.287483549
329651.549495849
377872.265152376
149494.459054177
208299.705720477
185137.026079093
185073.329801322
257490.398519847
220686.429604371
170015.55409497
194211.427607121
299456.55886366
157741.405599161
160560.159884197
194445.717790126
156204.566876897
114903.48022392
115830.923309055
106919.466018748
109184.305427774
100953.403889651
97804.3134715459
115660.730458538
149307.999825066
142706.184358748
112919.965377527
416061.83495277
426465.480073395
293606.971309251
435843.442490206
279130.55445406
278575.25457233
288020.294748208
353730.798898713
228054.526735249
190514.51372194
201278.562754517
217764.089596642
182771.489860502
186896.439274275
168851.432386301
229157.094697106
210237.851753673
198313.928221392
183451.677848598
338287.843465041
303458.019516447
266745.023028588
332143.852662482
245040.9222622
247085.225283609
246398.246000588
286693.705727565
220511.854243961
206645.796001482
207345.729287014
212028.061804008
260467.632290964
238672.232608489
205690.532326814
194626.802786022
190983.635658967
147707.046830571
147976.097602654
157081.52726254
169880.503352922
180320.687673407
205688.619221077
176682.385598895
190385.597400779
158016.819163964
126893.396578474
107028.027762964
145406.274719133
182996.827784409
138090.725751881
373830.513942434
195361.139545525
181092.80919934
160223.963538596
157569.439139404
177121.967742353
174629.937851574
278544.060582568
239482.742650302
260417.445351782
269641.08668454
262932.061303472
171362.559670443
182121.421662289
214745.101632434
210721.094465865
158713.105035092
203330.894416347
187494.389109768
160572.875852354
214270.687420241
155164.066775357
140356.351073864
141246.171457456
135059.686522587
149357.926185981
151853.814595914
179699.802789455
323484.257710252
175735.786511292
187204.22365923
112592.154646671
111669.246758038
164096.322751133
157804.666172429
150889.415478822
178085.227212236
160563.390612269
149770.980401529
154173.950327951
129165.878107335
148135.04906728
74345.2828042042
133054.059297653
155405.586591419
123776.463259542
120298.760253864
207023.061987882
136761.683671885
159044.232728035
205635.115486185
130904.875712584
133300.8526986
162617.721880271
144443.278746799
171514.561444406
140125.065933183
132076.747116905
122475.089060061
170442.178156423
96682.7902998375
144178.581597253
133431.928808354
88700.7677848976
162434.131186914
130045.970139061
177510.925516029
239192.483312144
111290.60346213
155916.305465751
126381.369913454
117274.413789586
128937.530427387
146418.141336338
111232.048732312
160743.215745602
120827.645994825
76942.3627041841
214603.736555115
184631.213074899
125549.086002423
86340.4439771363
142093.381475065
135889.541961438
104350.286941827
143037.438657094
89416.2780567572
132756.287974572
133484.772510809
157165.286926792
152213.284638703
127422.77583603
102294.851978768
131790.383517983
111334.618852099
139967.75491399
134075.143660587
115581.09769058
129085.105276922
132924.18022481
97508.4203479223
148405.978409894
169361.257403986
134651.417752767
69095.2094037173
183351.691114435
155902.066858576
141150.706649433
118368.142670763
163980.05842728
164672.23429712
122720.478678979
75767.2117636951
131332.148185387
138715.65360963
111085.936356929
143073.572380718
131102.002695851
141810.83421836
135074.137465294
128538.997108
105794.414816949
144523.040117818
160474.764204188
191485.12760487
146230.080097085
207282.669126342
203723.584656881
204152.66456903
215383.410784773
164730.657371279
176779.444804067
141429.899671816
141246.318154303
141494.742502216
94103.8228765312
103447.663338586
253491.309537505
231312.820935018
223202.854799432
242047.756248517
347044.984228306
328919.716035114
191082.470289177
139407.983835574
195348.5633077
197909.531219263
210782.931745989
214324.06521953
131951.026680713
167724.760625313
124482.235270323
125685.741180558
229655.545148401
231538.87735489
260231.384514416
283150.228921076
298227.250621013
255168.749756631
208130.707717025
187787.344918886
143964.121025987
222625.322021477
211049.383123401
188404.315595944
194155.066932284
193182.103991631
145809.792830321
149139.48663335
115717.755091026
174385.489956889
623265.574080412
136185.092036345
76009.1373160958
74757.6774261734
83922.1013919352
108816.101889936
111003.567417596
126606.100712584
111308.533843447
125623.558585522
98914.251933372
130335.59098391
174422.768681298
221203.02641149
175179.556604062
98042.2211694596
168635.889526966
125298.766293494
219512.264690857
373120.851360635
248848.406522127
265709.202584925
214371.765799257
159881.564977038
119669.229592206
104172.949741489
116121.155315882
130846.073962505
80991.8725931749
78282.1084969778
73073.2580981659
270644.339043614
288470.738384881
265978.757373465
206156.670146887
157016.916972001
107794.275181057
219775.163957192
302953.58732844
297526.611879994
261488.867223142
151531.169915983
209884.575584308
221777.790191458
313303.508336825
276453.721902324
335143.638418136
202602.2345207
200017.726533464
121773.292347654
114720.106774838
103383.263142575
100700.46051656
83117.1079066012
137541.404181193
124810.559145021
176844.496346178
262882.49679134
281288.436119463
200824.635827171
169316.119844358
176256.120280051
154934.82129209
272943.146164701
199565.350252651
173006.341201215
152120.688344895
367508.338567824
386548.610700386
414733.230566765
143843.956804841
175162.817691794
189864.254286518
194070.131312324
161340.395705996
178572.887948073
148015.764897109
134190.513749119
185292.272656957
148289.124844432
126053.313208602
103908.670055539
132119.56518735
178978.109348145
117249.195119236
124374.177741799
129455.669934458
129977.880349928
125904.982617083
370469.20155171
335211.987224241
376775.509318327
446972.702997991
337343.053683046
420668.437824624
258990.982547568
373056.813758419
393291.516786213
451691.06539001
304593.42939629
314762.086005567
350585.262421399
335428.27272736
330086.906788343
297642.275431745
254871.988221727
264465.545719416
266494.494572494
202009.685437185
203949.879545947
241064.417709908
241319.705015124
218026.491777599
216788.944741865
176902.462288696
178123.443521012
176395.412318174
196558.045750559
184357.644133272
188184.165312294
201558.64676509
186260.814123084
216727.63014637
222235.543966999
194276.555406265
172310.663464482
162863.350709634
219856.940215183
166889.470943093
177285.87786854
464031.46288208
335600.242488348
515548.744264441
244197.405309455
263251.819384745
311070.550172507
284284.415514208
206476.942995862
308023.789938897
256565.657386964
239744.694698227
268945.858386356
305231.678423561
299586.994108998
259275.52454417
252837.681488258
242219.702887886
297060.992390318
250865.88221189
217169.773352391
200077.352927113
254649.144077672
224187.285645862
259102.084808845
259158.389851201
243299.548658239
295633.626715115
137804.288229779
152755.636569912
149985.695411187
193341.619229422
147345.341410748
118839.758713319
136669.755696346
142766.579974138
125641.1480946
147455.795793227
265375.655457076
137730.924905226
187919.846113525
227411.545143901
242778.511184911
222279.264525494
233791.8181313
207510.938894518
174251.673239821
177881.607998251
177869.580983525
191540.792901808
237532.440707914
189811.639036858
320372.852928543
242251.396170894
197039.406506702
185996.050357636
192040.802983983
235321.083744374
144580.942492085
235744.37141502
162206.462261104
138488.017551906
141757.121337028
103642.805392318
134906.503194082
138457.176429182
125423.009643512
149636.423257125
142662.70087261
136418.159653566
159871.52369508
141552.379508433
190898.880050991
147620.921197555
216942.896833461
177193.557775027
109794.94501051
128610.815905977
46671.6742732164
63576.3419597896
111029.549070094
167365.812471416
140409.00480362
135877.677349328
145610.091270537
144406.149537341
146236.463288308
132009.39285904
151802.930667617
127370.750959219
172743.709543218
157490.324837328
139177.442625958
133719.466519941
132992.478607645
121747.266072514
127063.651362742
128343.680466475
149759.476659598
109114.034235781
130573.059534174
158776.462246467
177476.694069159
81364.9020367941
132101.745799567
161335.135521556
125207.603909347
134529.498140739
155856.685504343
130906.79111338
109986.940060536
90480.5915162164
121101.853002177
95089.7181917453
106659.339069968
92968.2705492343
89717.4877146228
137438.456657386
199255.678309933
135703.955201452
206495.552363563
141373.437535917
201684.967100339
95773.4336305926
127093.209796162
127413.038824022
124560.112780387
132496.824567503
135259.068947857
169877.810701327
169609.582414668
121147.874393176
141936.139838325
140255.768227668
170834.925661591
84018.9943415878
151865.603081352
178181.603885814
131655.465046992
156664.400896854
101358.525570968
93169.2243559745
75508.7092741267
222992.539676363
111390.49775937
122718.175375868
164161.995025855
116815.370136843
151951.580448402
126031.386077068
115756.414070511
118681.617642093
124693.570624731
144976.633329318
159058.398633095
169863.521871049
158107.532731382
144777.237382041
94851.4364143707
181276.414958335
148371.31149748
253207.442921677
231164.198680935
147507.384261337
147641.777426834
102305.1466861
170419.28199252
229233.560340837
275358.20152464
225713.886942339
220415.14185689
256874.218124065
324465.244183645
203820.099262632
217733.345444591
269962.956173422
134474.171426995
172495.398780079
172306.739345826
193765.340554284
149380.42563442
220240.558222782
204279.177519406
220612.874252273
189706.467449725
127521.435295285
151605.066447053
139675.037263052
122812.037446905
123399.283363498
137457.968369943
292978.534444272
247799.353567098
221838.075780087
275291.219482655
234129.662983437
234990.832874391
264926.458034652
143019.945583729
206228.2007283
195205.094259468
188508.483166843
181978.374915868
169460.266585368
141865.887702578
116923.937882217
144230.845476541
114155.962612383
151841.520115563
146042.013933356
145014.852032343
552054.287873383
125144.716996335
106688.889842489
84163.4733259241
126124.531210781
101524.573687429
116795.222137075
161997.972186543
173067.228987339
100620.297268341
150462.434274495
150154.708297207
157966.267498115
149197.458844169
184385.057006948
180508.471637562
143652.761076172
198366.120092335
134653.661382475
223673.277550147
198784.769474447
141547.496695293
259277.925844311
180484.440003429
127914.015261033
217971.733208656
301749.171986535
115162.047191325
135546.205149751
90718.6931771151
126605.899492834
147846.474593099
90033.9237528919
74301.7060479347
134005.953836977
118265.921746606
103266.430796026
115893.62892962
284376.334700943
153484.919392513
141085.490329475
179677.685056678
201066.399161721
156374.976309917
172792.652047696
223273.731581476
255741.471749225
185320.301877049
196002.012977708
307030.51874955
276708.804237224
275900.238681638
303464.60600683
132059.369684063
147493.121888408
167398.944107951
131953.742553421
131149.111979509
97128.5560784217
78394.930835196
84208.0979067897
156445.595838986
202475.142278419
190735.252564243
167147.855091604
130885.285467423
114681.95300009
115760.140121941
125095.553370899
130986.476402069
124536.143298348
150813.322853159
175958.030849146
200718.614698298
186085.808255752
287529.617299209
231650.321768584
242821.901776403
231420.388132008
287054.884798233
233172.483873669
330257.945651491
165741.75248797
177536.438230271
285182.188999424
368236.119354265
433389.088699231
426663.198592265
137500.415515335
414628.403607913
238830.62301931
181788.711025089
161977.906212235
222488.662659353
193355.498401609
273555.162847543
185123.554964051
148645.525590546
174377.37635417
93914.6390381829
184370.090739222
111310.875625583
131808.885851229
106475.1945034
119285.639806662
101809.065253505
107042.409943956
113426.955596828
106176.920488349
154108.841532164
148260.588193119
146272.082972351
411924.636175752
350296.610722674
420650.013868042
260506.033170861
393382.129831491
350174.660471311
317397.734431139
368652.464248437
365545.425501047
294062.304312832
357809.634784489
354514.604087939
441445.124314438
281418.101708534
292836.335046886
275919.550868654
205578.516832928
205911.281934818
330404.137820584
295952.213631831
198507.164028704
181187.104363642
175407.021924353
206337.379291031
172663.301738268
195855.663791961
209682.092887677
182501.31518327
198543.574504532
225697.532459049
194451.495609634
240759.356450788
193907.966057087
243140.325926151
283923.286793256
291336.922139695
463259.914320891
284660.127604821
451567.716196773
328392.662090498
318139.408765909
326790.864778814
310381.255853531
370554.842673534
234470.938772273
212379.731554517
268883.946765767
201321.913632393
190677.452915032
187785.903251936
207475.922854899
143749.374857446
200850.153602911
187598.259555832
178445.144215634
175429.076163293
192172.273920553
181242.793861251
156432.471733744
155275.274923571
118439.156789026
117513.797549418
134077.417161754
139646.60972666
162857.68182009
119286.979739061
128012.146938609
112253.141022494
284024.471629941
320980.52556939
259734.80187437
217321.395882108
159329.424601971
162631.451578129
162631.451578129
175230.351347319
184015.892212086
179794.995569233
154625.41981804
248330.863097902
169693.070460901
196917.055278584
181768.458738375
194434.786234619
328245.191198871
152710.148415629
245090.693470324
129838.078245861
130840.348514966
130481.805164757
114667.735241537
157948.842702532
157390.387150791
168625.797380898
145327.766453999
133311.19933602
134033.497719217
114595.951226831
93067.0127620579
87939.2592948619
162115.695989636
142311.990143042
121123.107150841
143257.238515984
160386.437593774
211409.085690647
121397.051457169
135177.8377324
149622.722490576
150943.407932746
159883.009022882
138195.955221049
140703.551325836
145456.925885069
151068.870861818
135372.025139343
128452.775033928
190786.87380523
136423.093111478
119029.727843028
82453.5595882353
113290.373735121
81583.9890501389
151503.45029652
106727.085858696
132086.310149273
153392.219943669
144246.610095272
171715.883761486
142125.112141327
103817.005605197
150545.687507701
118650.347527546
120322.586266932
266310.107016655
81726.1673590341
106284.504415986
124564.611563384
80810.6752174991
141710.556507905
127960.315156829
136084.376677251
131812.525011041
146501.664571271
112318.026969184
120140.442625191
112978.958182041
119957.371023987
105636.489706097
96087.7972323878
90639.4505833652
116423.138243369
122509.067456807
141866.42889438
59795.1882423179
93607.4739470587
161695.450691154
171853.243733053
101682.415287585
152330.001543146
117172.911578579
333184.386976942
101943.943548448
110936.95779756
63933.2970973416
133806.63687393
124819.617289583
115988.444652639
91382.9060996437
139270.205386882
132618.779147507
120140.021937274
99150.9716416968
180020.51852478
93316.1114613459
113658.239855476
126378.33453613
130189.443710223
79801.3901409402
108862.608225933
136863.798351055
173853.057288331
89715.587490663
154922.374365371
138223.541681095
112925.508434317
147585.170400617
156013.293006866
159099.296230087
160127.451643424
157635.762979477
161855.385462576
97939.595208223
133789.663337847
239839.190809901
208964.914120698
132297.405812403
191397.207083705
185670.292167405
169340.55709287
154656.684597657
139925.764225411
133380.051184916
178469.149982767
171574.675975812
199545.282514137
246950.325518482
246022.874395873
288824.347717448
221757.799957641
223188.842738994
195179.651309988
163171.146207931
155333.54611439
139201.205732246
173624.150417919
141783.395175442
199900.002500924
223557.467817703
202906.766046149
139166.760097472
129571.622491819
140335.801443323
262713.938906781
202371.835074443
235321.581678176
144771.578905153
143740.488535797
204512.981192113
228200.10586361
178347.074850242
118879.242423586
126350.496979177
178307.967220992
225955.466855999
130309.957662366
144195.862899337
141553.714105164
159765.507645425
159765.507645425
99113.1754759077
129789.154230348
116061.836662572
118551.877874032
148792.929017289
149752.418721244
137781.447231484
127639.052803061
156575.932133687
149669.213557397
184066.814012336
142565.911155253
199480.85506332
220576.90800438
200164.622531412
189444.239001187
200573.49167864
215442.04458463
165771.037220412
239013.371145859
97157.2351673425
138814.333910373
73880.8481050074
46077.8426018952
62051.3742823772
197513.538212033
162973.178713087
209391.770789832
146629.088895702
201367.563355387
292947.579497694
172672.796958384
207015.931115588
247294.776782765
342715.252357073
159855.401313005
132692.289510896
161547.336928474
85438.1035673277
156031.580660914
91693.1881294449
87676.0418109849
93929.7162727041
87488.6821559214
175075.120766418
150363.410371357
131771.867189892
128193.483338923
212789.874948394
