182759.69150915
260936.746544792
190966.271166733
206584.648472033
172275.950426364
190396.300112533
451334.099263213
230966.938174072
114888.616270677
212632.265028001
206424.046121373
152196.889140953
136596.491648485
121024.397028411
100853.607073459
110048.121056738
107354.68987595
145101.684351083
386357.553939504
250160.811169505
248659.092990939
458087.405699578
210953.486993042
484678.541309653
324595.223855523
295006.011003741
179071.491080725
169409.359359928
192292.338002648
186050.056584115
214466.690687219
194572.13339426
175528.507664485
215762.18359829
328707.373275428
346611.297019542
296150.586134163
206354.364440984
375798.243383537
190094.309528194
235804.580942693
225276.82195432
126610.022158815
162473.435391367
101188.082517337
142148.66776388
178104.48674322
232929.003415191
283511.09735788
234768.496405954
187179.409173148
169290.501632106
158766.134297974
171780.936296983
177688.117738336
177000.312878425
157836.818906172
284524.073792284
173554.029708452
229014.126332615
190303.637359072
242941.715992194
196870.393320772
142903.145817113
152694.909777008
180257.530169269
152013.983806036
148334.014898192
82892.334182983
207052.003876672
138797.872237085
133408.496258909
179844.022903129
145751.170138112
148955.498973006
133920.795156014
113027.229488724
103665.745188619
101136.894490354
130512.294303966
129640.15928794
172444.939463391
142715.292483184
150577.923340146
123819.893762414
92838.1784111731
114566.455262314
154819.109220494
83275.3126379843
107135.845343135
128272.329160257
126820.762071853
157229.482159831
103818.774287013
138780.260390603
204941.682460129
83439.1788945729
118640.702241016
134139.636012861
147673.418078993
199022.245160442
84506.2953169391
135414.94445768
117303.408548212
150461.762384846
127070.751692259
65943.9474049011
154260.239251047
92529.4879092269
146274.744417859
101636.591143922
113523.708500525
122783.908763468
147985.104310234
147609.084837624
152381.983734401
273424.344488124
250960.153207408
68263.3619408767
241158.586217506
84875.3650832372
115953.326041046
99489.3582856158
238153.849625627
160206.837255094
245136.533727527
182754.795023919
306977.511334524
151201.709897574
192352.016728415
128682.067221856
222606.196127185
226109.690291822
145727.449959539
61806.2626786143
107184.959846684
153652.996593124
139033.379897906
134439.916743157
79203.5332262946
121378.248646206
124252.72835298
157110.479726414
123481.002283085
202931.178929283
235286.310335758
269430.552250397
319064.318673984
190188.871793654
184521.633524408
64500.5534371393
88307.5369023292
89012.9903104327
295964.128827162
237699.477186319
148639.856027949
169827.138834586
208536.984304943
180079.387840758
221349.685734823
331700.709348572
144486.018583852
176556.77422029
140568.515895971
97014.9725705858
99285.0250577864
83724.4225097107
98953.1748018059
128133.366100703
132866.209669765
147541.236046588
117113.57888873
191423.453831163
179441.342502273
336377.192492765
360487.157832547
215498.048265394
253411.350801091
175374.899927125
184698.625230306
172681.194658243
449011.731481254
281727.598446127
190644.204107397
250234.608436407
176801.670287526
181150.199870683
181429.195870136
183476.644948202
308489.1107952
157392.485413343
229177.509933226
238416.372975962
204147.15045633
160487.97811056
135282.695835431
132121.257267957
112435.119849533
114828.426349446
115181.027431524
127133.855835277
107741.976392995
111739.681933957
125742.645988322
127265.35602428
146769.573356461
148801.473788777
114770.058977798
152586.992134627
442494.224398161
455465.368846839
352467.078953369
387301.716355014
342189.506530237
381989.29455004
393116.376775278
407667.236077925
479565.005467764
303912.069367731
350534.849648341
347452.206972441
318842.73979208
218746.964417777
196062.471127745
212804.542899643
433329.95147753
381262.044595105
331163.832839443
245701.988445412
180451.340456744
183436.683666391
198295.392759356
176725.128437933
169101.803047028
201754.039603056
194224.503862478
186725.827019491
263614.828670448
217451.723509876
174503.219912758
180921.886532711
257510.866913682
177829.43100597
230534.005083535
322495.802094695
309075.153410914
270134.67330593
241741.488935295
254209.857457084
245218.505822968
422491.975938761
238624.643801069
211848.607213102
211877.755706979
225168.802634533
196348.948438634
261978.974735243
330840.964456897
226815.554285408
273950.841281287
209062.510787829
271461.911614013
269546.619935494
204486.949281637
177469.97055622
266050.290788254
189570.817099166
181217.096309939
162047.150881851
156128.383781925
81708.275343886
81354.4611014479
123275.685727833
126912.31515519
136612.094197947
113938.547185602
345705.59891363
267890.819295474
161505.940965069
220808.554632508
167385.498311641
211719.194833133
168022.749877323
180270.730620454
220535.408241086
159760.686603418
168097.382500694
211506.806823787
215197.468232258
119639.07586292
186444.027573875
162719.660555041
121846.801291621
147118.440883592
161465.034514144
145170.610823107
160507.744725029
165965.496721579
147916.314298297
147416.691238119
168058.097779111
138738.958344344
179224.673618498
121022.656152199
79902.3650788629
122813.390397769
166232.074442176
171325.401513338
175132.667520128
136169.937506161
125023.332288672
147960.448005471
160959.463789416
150477.143802813
143580.355893954
137665.685792771
130665.912019548
170052.892994139
143547.965449801
139896.563573905
147713.138571666
123011.385131022
103632.150219302
117803.028003176
173242.60818668
123165.933513747
179825.460610296
125057.042055316
134109.267555106
143764.282959308
77970.3861766147
114755.62331316
129315.112791936
126247.1760485
111770.560721906
139921.925676941
127349.865586774
144602.74945022
100165.792006448
116824.850524154
135615.805860974
100062.513096727
135587.398779191
129563.948587688
139063.440334366
128149.166965708
101208.654866871
129656.810305361
64820.0861423277
100520.567209598
121665.828077652
156485.373517553
130938.257204
151144.460160566
123292.363512516
42947.8272185487
137595.567497606
169909.046752803
132582.439179638
121872.911008255
109964.598146453
139177.428297764
189717.870455765
186865.734941407
124801.161586914
136518.719395779
130016.392958809
94043.7698567569
135950.64583301
144645.540585096
137289.58390283
87999.0780930902
134817.414676179
128659.182251384
134129.753079519
148797.166154273
158304.009701641
182187.933723257
50917.1337543515
141242.345738251
158414.10072761
123519.995636576
99594.1177587938
161522.328161021
126307.697562253
133122.371566128
114474.618990168
112877.396436041
157345.387610899
207802.947468043
224256.596338194
154775.119169524
120346.903373601
131402.128885591
154636.44048391
286312.043398393
276523.767743809
329910.84884204
300125.537008874
321712.344818056
312564.21884413
278592.097845082
192580.12211007
255039.077575643
179387.265403864
259689.167941893
155571.793982782
149180.673073731
202229.14637529
206500.057622491
197866.416127402
193609.484708637
213350.179153171
209879.145912293
123747.954442067
133662.826311666
137306.615741275
131172.40299105
132297.851290754
248075.724826558
250118.828310787
253742.666015765
188328.430731228
194044.470802471
146029.196589414
183619.630657724
110687.766191491
138766.858552282
296669.408990136
146522.2327786
104330.219186372
133366.961578506
82633.6449071164
99673.233982613
67497.2967981368
81337.1346193724
137442.40256487
136262.955273307
149399.60670067
123356.424142152
140816.728292631
170817.702015019
152152.418237839
162539.265432205
142408.475143173
131323.085021573
136658.469452523
211466.955345154
321721.368118784
97151.5104157936
65885.0060922207
64627.9150721228
327752.508443228
50883.0042252912
238908.865336423
251403.733707147
211693.250161508
181807.412881775
146451.01360517
158847.627736003
304249.533982195
207791.486871403
371836.633670898
313226.846356142
192717.129692535
236866.391317068
220823.478905175
141153.527720409
167195.071159747
98214.1561487239
163511.268894873
138540.707837508
145616.403206819
169169.97791698
141938.979717177
184277.239423264
178601.603628588
255109.990776957
213598.303236131
203563.413424392
183468.54284937
205637.588001369
215715.677370215
327724.171267188
382696.386180856
148432.174289637
210894.267610504
189284.274991616
182564.905914666
263813.689270682
225780.971607444
175486.65242189
188853.854556694
311879.568479039
163400.196145166
158312.828302493
194167.099925487
159769.978926441
116503.17743794
117350.129013626
109445.913557577
109829.543397374
104182.192701481
100748.651647238
117613.726343097
148698.992224942
140413.056696813
114081.895997205
412941.005024042
424930.574903226
294942.034427377
441521.231347393
278897.572848796
280367.671496549
286943.750294751
353184.13633698
222770.929274774
180655.112287882
191120.793321732
222500.264101857
184434.812908428
186567.955616532
169901.092727362
219047.269592602
212582.383751678
201305.239111669
183885.711185939
335621.039945524
299251.008431335
264473.063976599
328920.843687658
248436.584301199
252234.58697818
246833.633693216
283539.764750779
216310.561982398
203654.757716838
201534.539336036
212433.685334874
266215.979919561
243749.739621284
205458.937371499
195496.990689739
190385.276169392
143790.705745599
150036.909889226
159014.392805886
171982.750671919
184684.222871477
208678.854009342
181445.220593374
186959.86204214
159369.046813188
127931.640559712
109017.618432569
141543.736863223
185933.740351462
139001.514243818
361338.147179241
191811.425898747
179310.933646388
159946.745342775
154155.36472981
175257.833312524
171490.108403738
269548.681138639
236141.920413444
254604.643553057
259958.90224246
259580.409787175
168702.987792533
179091.929824482
214934.753796247
209396.277411183
160070.008178627
202479.627373888
184826.080067102
164309.967561139
213568.879907292
151163.087478888
142347.452700145
141227.596648572
137416.154847086
145033.927210219
148542.28982866
178806.839653426
330530.87534646
171440.466847834
189409.452512896
112129.749109138
113849.276775445
171660.919859214
152821.887285898
151948.082896023
180804.192426171
158863.137878312
151071.559252383
154001.372653597
132370.414456813
146840.692940101
72852.1357037845
134483.106834931
152751.404550462
123278.491081016
122619.428208548
209458.120872612
135372.821537225
158991.581154717
210645.291015731
130334.201018054
135637.970882964
165279.797431027
144302.264023963
176353.769244675
139765.371628717
132104.526010617
121726.727149914
172353.179556966
98678.406492927
141540.95409156
139859.514969392
86590.2157114441
164365.170708208
135289.271287309
179985.512956074
245302.657254091
111913.465482893
155575.809754499
121281.143201573
117798.331173842
117042.924213739
146467.029938787
109937.099415346
159025.06503277
121966.738031616
76394.0963692467
222712.477179311
189543.6935532
125838.7209765
85580.9774484336
149383.47577709
144317.593581292
109043.173565133
145045.70651974
87754.1474377671
127246.790259915
128720.014544628
159170.895214756
156225.841322784
127281.935636755
101009.976738478
131588.925741771
111184.416226252
136394.761367704
132217.983237569
116290.832148288
128521.489473261
136325.378738651
96015.750600033
149226.173647627
165915.682087725
137858.30802527
70541.7064268501
182443.806935241
158698.195742585
139586.46980662
117060.469653407
161766.087689107
164925.344005741
124942.811718473
73184.8461112393
131639.399534342
138337.571792776
108924.820720598
140436.138691545
130575.03806652
139963.469680386
131624.482332462
127217.683714534
102881.150223742
140577.894979733
162050.378563887
188745.906948322
144733.60898715
212254.46124745
198692.090127294
208476.740739608
212902.465077791
161845.956211118
178421.963013312
140763.556406456
136873.619996717
133428.234114117
85910.5974990814
100850.125682553
258110.915909191
239760.447162147
228764.34957588
245041.136843386
359027.42333276
341805.561775335
193854.574304881
143820.583897999
196300.579394345
198139.492665001
217230.685379742
214885.062375101
129860.720481785
162030.998034581
122215.836404415
124105.041466214
234699.476994454
233952.996603396
264230.991980475
289545.305884506
307404.316837009
253771.267971968
207742.023174088
187338.210801334
145623.719018037
220848.949448805
211388.911264498
189878.465054882
193844.624918947
194459.327898293
148789.877405544
152978.918928614
119756.568306975
181645.172577378
730068.33317038
141061.552750366
75010.7829434275
74311.260883743
83309.1358812254
108730.538762612
116657.101404976
129187.418387789
114317.559311363
124566.805930318
93756.9046836896
120111.873161742
175024.219020963
216250.583586365
168362.34289378
97373.3662697093
161644.907927102
120582.770477014
220846.183990973
375925.46673613
247722.268731751
260123.230090778
214613.150400718
159376.241027418
119737.430740645
113012.316890258
117363.24201248
135735.858083589
83636.6742796533
84654.0197761927
74693.7760870199
282073.048671159
302562.26138764
275147.605978484
207913.620317673
153563.22725499
107675.918969411
213131.024167471
291519.137650302
300623.278185646
260497.042077153
154985.505182439
206907.997812589
222512.252519455
319861.314685636
278503.81528336
351848.814556072
204700.195135268
200675.452492982
130118.637869057
121260.052709588
106398.913611152
104114.443692515
84482.007151596
137159.658307321
124078.866772381
175960.240861925
270812.972112363
280946.055227204
196957.593206907
170196.319901663
175165.750163093
158833.625379364
259286.145254325
197648.101786274
174845.722043364
136762.183482504
373969.636544255
396513.580440157
415438.463089746
143858.55507154
180521.182047316
193241.665289558
192661.518234276
162930.018747378
179411.68738938
149128.925728462
135816.489641028
178267.040320393
144689.347070996
128056.893383782
105894.543608961
133429.855415368
183820.584077633
119461.413377498
124161.449403634
131156.678473734
132946.917222259
124470.922014471
366579.75177266
336264.330073976
370293.761604065
445504.676182572
334065.310578831
429812.21048785
259202.658021997
374816.930052348
391272.763385037
444134.432527972
300762.780020727
311880.081380002
351901.178555688
340026.511423347
332297.389140946
293888.576408586
253276.057061751
257163.380252234
261450.700838927
196497.578387755
197708.323945496
234627.517318606
235847.491044746
211887.853136117
211207.531004942
176284.517988695
179713.90861467
173040.987692382
191828.373944483
181097.068856536
182086.411101657
204606.500626211
186275.87793715
214465.079617746
219374.187496178
194431.713326269
176596.855003776
163276.616647162
223223.46617971
170479.164417775
179579.332429105
456161.412659383
335926.215903776
509611.051471589
237629.217310176
263808.279557157
304910.817470285
280718.804423091
197284.99299699
313038.785794611
254122.893063791
236772.577010925
270833.446043494
303076.91393403
306588.21999675
248165.838347951
245447.968146749
230424.456743439
299017.932277954
249849.809795773
212780.680443164
195108.528325016
253788.697030066
218702.728023859
253730.593793377
260100.538547633
238780.123743336
297167.45632598
132259.659066482
149093.246630441
153998.683002454
195267.132414807
147257.416321727
117550.96171709
137335.194221664
139769.449376187
127992.21151344
143207.497754101
272420.279923115
135401.891069813
188675.422094296
222682.548549273
233708.070290369
221887.506204473
226912.65397057
204299.877784803
171029.598638776
177678.785082866
177920.30179072
188368.753790081
247844.920159245
189615.584475541
331495.249760903
242561.177375087
198064.871286742
190294.146495466
194244.672897749
235150.523295147
142828.373001318
238528.882184233
163194.070256588
141545.561084086
138739.851922202
103820.995075107
132467.973279276
136865.40854776
128379.35025136
149388.79904916
146548.802478348
142531.666336777
164181.144307359
142766.618296147
192394.271288228
147915.872912933
219747.450431555
182361.570475198
109293.004412344
131797.205432413
45072.7241847388
59427.4849803797
111385.763938637
168489.180172308
141650.285400371
131989.337127055
143203.251121097
143792.39884695
146306.630876266
130560.926693386
156204.654588197
127551.405398169
175397.765559816
164388.966849776
137251.8594416
130347.089456173
135802.40326069
120592.253106628
130731.64432572
130512.402590318
148566.901475184
114909.292886627
132166.32258541
151769.8412652
173067.699881908
80141.9524573968
130160.395386305
160127.72572076
124695.340416533
133590.183892226
157070.881036117
122309.176184599
109248.877970449
89294.0665622353
126279.992309015
93802.7829886324
108746.154147123
93648.0823911817
95717.8957822123
141729.723220935
204881.376173552
133878.503774891
208919.062794305
144327.08288851
201494.507632267
95476.7400495746
127156.240919592
126328.358154645
125550.266336674
135881.875617685
133119.105863103
169815.054279217
171161.766543559
121960.081561904
140425.786320527
142609.01012982
168432.87909083
82222.8058292956
159943.623702807
187492.600241097
131343.49700291
156839.957968867
100225.972287089
95058.1706481851
74555.0159593409
217038.173761352
107149.120959971
120486.149644101
159933.378685707
114684.948693335
151402.477969462
123101.487655001
115935.644477589
118172.363947408
124070.371308288
146412.686229137
155090.531660947
166052.193837207
158196.877353409
143156.782466447
94128.4549824461
189280.897682228
150597.240834924
255849.659785694
229666.527105174
146711.740388123
146636.18858065
95717.7261058802
168254.292488031
235031.539483158
268256.139788445
229562.597608318
226354.817053008
256629.183806596
329772.853344624
203655.352541979
222263.010143741
292914.829163123
135978.154105039
174846.766119509
173523.628804239
194324.111056828
152033.129423331
220652.051633722
207369.097367699
223398.743813388
189352.840943462
127487.04273313
151497.507688723
139854.055474478
120092.828959826
121004.617565701
136028.942354483
299601.248765422
248673.33578607
222702.607266959
281444.553558218
234104.835768529
237543.21972226
269040.320697973
144318.82968983
206296.808446123
193433.918503816
188283.201405192
183950.056622074
172140.349415031
143106.530176702
118279.246624212
146416.430220656
109808.346961057
155839.666135988
147392.372880152
154898.794543105
603701.763133515
124446.041381701
100184.831025796
84212.3219004066
126333.220342722
102969.071647832
119835.222233736
142214.175470757
169663.383036731
93992.1507877359
145106.613481146
144660.205609844
150581.872224071
140049.932431262
174881.244840152
178597.507664915
145180.657281221
190939.484948748
132493.146193863
213002.831658223
193010.371017262
141190.501238595
264729.316479763
182625.00173437
129933.440174286
224436.76971842
318681.514275799
112040.260821233
139508.073691482
91078.3943265042
125719.836249653
149680.13496688
89607.0390108507
71574.2793363237
139565.735908814
118405.856881182
112635.41167338
122263.824739933
297356.613149209
155939.519715357
141747.788206208
188189.242973379
203124.462192082
154929.48966794
168754.991023173
217988.847274783
251694.982578881
179636.021483327
201816.057997697
314243.231168884
283255.995045983
274186.787131172
304421.899126812
128449.942524975
138086.586822895
173105.36788077
139658.574429391
141334.21957115
100865.95124831
79217.5428486155
88941.7897061733
157410.712311617
205000.638925524
185876.156034856
169867.392672106
130948.896038878
110931.259332661
114268.763585589
121612.534871964
130878.549024107
124037.79526342
153922.951427576
180018.822611041
199083.541915944
188220.98912557
289652.911137015
231909.177018018
245060.127096707
237248.256194515
289555.924059651
235874.074908094
327068.047253717
169678.517195159
166403.973989507
276192.712180224
367689.165699401
437114.897355338
423173.497917637
133547.887539993
432082.181824255
237566.980107445
187358.220298327
162128.939746934
224853.641449254
192042.34398634
287390.236255174
185455.434216955
151359.792110521
174993.102133484
94991.4577903827
187846.529037347
113019.476054941
132816.094606547
108680.218931362
121846.125573214
98969.5596096806
110224.454589374
116541.955549123
108327.980598963
150337.329430584
141302.179385255
147650.294399343
413505.745101057
339623.351227234
412937.267690861
257505.834725341
410367.662472096
354223.056893773
318058.46160684
366317.162246885
362469.136542025
290280.256841925
362856.726894635
355862.393067103
451789.784507696
275898.852947062
297260.053405794
268922.653285675
195772.303087926
196289.468305778
326802.071019256
287203.422257082
191704.291872655
183099.412443379
177273.976221656
204501.214690322
173367.977003649
193805.291686449
211146.657870779
180769.979725847
200026.238449109
228073.423081918
193725.058281551
242949.919897167
197991.416281108
239434.517156912
286005.775425106
284593.94777864
462252.499509833
284906.667719847
450157.415330194
320938.649109191
315383.264547922
320140.188593658
319888.071181238
377263.409694557
228032.498625393
208539.582491201
267820.129769045
197457.046026801
190141.396093123
189304.91203021
204372.898573299
139573.247955148
198719.975725644
190005.184462009
180209.615552175
179668.292427763
195772.904808354
180394.688229982
156467.390581662
160336.777633654
116016.283222606
116401.701314707
133546.574042939
139224.704123601
162161.441787275
119425.076016808
126574.523462329
107482.757962128
294317.353122901
317672.66348817
252703.300522599
219372.546636362
156346.150822903
160652.22941771
160652.22941771
173420.943191239
179293.895233473
175937.647152681
153712.781191008
250595.36625327
172491.023677348
200508.296284023
182353.824157436
192325.073561145
336310.537623657
156628.947668485
240985.1788036
133743.311728696
132695.988459251
131338.685934132
116991.983108267
157303.801834802
157369.348870036
170423.829382683
148624.560966939
136913.825222311
135291.596143943
114933.043818079
92738.3011131576
89287.8581994945
153491.102152273
133658.578030831
122375.125598737
139503.399289526
163367.569005617
215225.301763748
119514.61985083
134431.4075936
149180.30600857
154727.348814248
161120.239108195
141645.632752493
139192.764240918
143807.337203477
150874.052209353
136628.759190731
133822.119007798
193528.853906946
135573.48106359
120949.394256696
82488.9357407305
117702.528227447
83608.0468289364
154918.675157962
107607.885421665
127958.392821822
157368.135576137
147752.665934277
170632.977777083
143863.289917218
104612.210730592
155382.911439242
117536.461958656
120534.241624979
263414.612724426
76562.3795882469
105342.468209313
125954.723690376
80774.5591006698
141371.832128101
130677.618701517
138801.6693507
131837.63142883
146094.515185103
114528.628035439
116403.720787273
113226.832920279
116832.434610131
104636.302371476
97243.93146337
96889.6579883938
116259.402358311
125802.493190146
147803.934275663
61379.0509397964
87942.3547724162
159490.153158831
172572.210758231
102706.470872091
156725.159364467
112773.490385582
335528.93725818
98557.2614158094
117253.804427485
64624.8143113399
132246.047183172
132367.470885894
117119.309925978
92642.8609012755
139059.026333872
130878.746837902
120547.10150956
97882.2292487964
189327.580973711
94668.5396257257
111419.331194214
127123.674731657
134619.288595682
78424.700897477
108805.332086575
134957.362208944
166930.509031265
90028.900216257
161325.133438064
139205.054881781
112395.209738727
144033.507456248
156056.135242205
158931.459768453
155675.940427965
151911.724021298
161162.005927693
92555.1942771551
129820.879426426
237058.638848849
208843.69144148
136075.960536128
190631.383777221
192320.124809499
174156.073699479
154398.598663985
138998.243438709
135151.405649534
180898.021215889
174118.345855962
196427.037874811
249533.899006724
247954.668974635
290692.555216466
217045.069649599
224712.073362897
196062.53228447
168154.36055344
155959.860122878
143180.627680449
178733.938958243
146766.191313628
202202.686939673
227580.675890682
205107.501177787
137780.729172366
128883.507988853
143728.651490426
263816.957969007
200300.267213026
238948.16159973
146922.940346659
147123.788842283
206057.07201645
227457.951764167
176531.95264792
121404.906779295
127575.761578139
186921.933648462
240271.223067083
135963.979636361
148483.242209447
144281.878145416
160300.985280321
160300.985280321
98199.609202068
128990.252977787
114867.055253641
115352.745763859
139773.89994204
154463.198208029
138285.026019148
124220.007425033
149101.725486704
149069.895731902
175056.742407108
146435.654114964
197911.664223302
213394.950799665
199008.113920977
187841.761256174
197204.2278331
218782.95763572
163456.645192144
238141.921441556
94868.9360668404
146537.407462646
76018.1892638239
46893.8369668835
62421.012257062
199496.034658977
152804.200777632
211013.040495413
142646.362240219
193529.003078281
296438.504127657
166740.434675926
203357.521667873
252095.808748912
354209.165960675
163379.783869018
140952.617642909
157918.431359781
87908.3368124534
151972.127239756
92920.8861948987
88492.6228514746
94019.9188345633
91005.1735633398
165348.796698242
146292.360689609
131699.189524986
126589.683440475
216236.020466588
