183775.77237145
255475.552787312
189301.519619234
217348.960621008
171927.279064589
197172.032180019
440110.502479414
226075.66536128
114249.757267497
216204.288418276
201643.460837258
149724.665856758
135689.975112645
117474.111751018
100270.669468229
106838.549339984
107272.394158612
144962.909120725
385238.067144694
256280.376825047
251344.427068736
451368.11827871
221772.748973252
472452.964047422
328289.197860939
302000.085764865
176860.488944689
167750.667555627
187906.079548564
181105.640625475
212592.762797359
194681.091471065
170060.712544632
215900.831592556
330829.334424426
338448.212585044
300185.649545397
212535.912287766
383074.216993493
193502.427587904
232691.659908926
224266.531871976
126666.448090075
161977.317329322
107179.205271511
145123.655615053
177003.226586151
236051.221607685
290864.32320302
235069.968804509
192336.363028629
170044.314667405
160959.440286699
174814.98089662
180499.211162806
182087.78032879
157563.889623764
274507.581707083
173043.370291712
227697.466993363
195974.787238784
240666.623199957
191109.120035256
142273.241683865
147481.320911409
178336.225768237
150602.152607756
156578.519234069
85221.5647439661
202123.963923815
141707.805996357
133765.390100073
175959.630518103
148213.021632188
145731.29961751
133451.591613747
115224.805600248
106047.058141944
101233.513044624
130234.698040133
129223.894985604
168626.441668988
140769.881267887
151264.248082137
118159.067540659
95476.4671494851
109977.347806138
152035.569152367
80054.1899370227
101991.661739419
129391.381340102
123307.401477968
150339.499216781
100295.661574707
134178.259025691
203203.136881486
92342.4626906407
115020.662682327
133624.311303697
143694.773515179
205210.129796969
89304.1301901834
138400.409978105
115897.52981969
150752.160191665
127419.435319377
67007.0616350438
149859.748177916
96249.8290571463
149344.155324172
110385.117810622
129892.821429537
120458.15374076
152880.950252935
150380.375655805
148389.114632596
267787.797978518
243883.964328143
73028.5432115911
232295.594860333
84469.7984149865
116033.556870578
101040.321442782
224439.662395944
161055.162037457
245161.081693608
180575.851698571
304243.27709277
156288.877433204
189472.125387501
132671.794288756
222222.151553324
224262.511014887
143873.188287595
61741.4268245722
108408.478473936
152261.671707453
141095.662894716
132960.123215551
82070.4416917808
121996.312770642
126636.36195984
154668.834026607
120513.992555622
199954.495269089
238544.505862439
272150.400787261
316797.3922897
189577.979296295
182649.161251189
61242.2891117344
80519.0092879493
88360.5734787798
281312.925027957
235095.707118005
150513.383126835
175808.093676515
205021.393958093
183690.819268522
221076.246074017
328159.972727791
147182.608834337
175355.458653434
153264.071463012
92660.0733021508
97513.0206558822
82647.284291507
96164.5915414143
128002.69143775
135427.056097678
151496.39004716
117099.685630914
185060.095559686
176406.28170963
326310.044891556
366365.037228182
226617.321734505
262979.295412121
169047.200907409
183613.410834839
171659.315186193
435489.738700906
273705.986347951
193241.550473601
253412.158401477
175379.175107342
182562.751180352
182583.093521
180532.165445123
303270.043132354
159541.218490459
233747.636826149
236613.607782179
199806.041840409
158565.659423107
134008.379811754
130525.733240277
111177.469653489
112691.455705698
113011.731317198
126482.019147524
105814.273832923
111890.254278761
124644.483520602
125730.258777087
146004.365291331
148429.027259362
113522.712920772
146325.138381504
436540.15637798
452941.735803362
348711.118699128
395444.452249069
341523.216354147
378711.839362808
395445.182733869
402584.266438187
478231.387323211
302594.55815862
340917.979175706
344833.124523717
315075.851682456
226882.969695984
199218.503046934
216030.822745251
426518.44479247
377846.385189689
341025.644154278
251537.360951022
179053.556879912
181742.646281683
194261.805273479
174519.997374899
164863.505381376
197444.615282975
193379.283915003
183814.128920739
258049.851961239
217005.996021093
170191.518412901
179310.878382869
252303.87891043
174358.243298692
227639.057844685
322231.615807553
315819.589961264
277794.927395353
243446.017959856
255366.038329242
242853.953593809
415999.105549705
241909.41627925
212755.969967214
214711.353252982
231048.927388497
197729.223938903
260584.598244063
329417.065532958
224749.302369152
263967.375612003
209701.691534181
275011.091236569
264071.245789624
206912.155373408
176689.754548471
253977.364136703
186781.749746838
180851.807860529
162176.782016382
156842.082424263
85943.2182787936
88879.1086143783
125017.145021585
126240.488358809
137997.033471037
114996.988026324
340808.728514832
276311.628636373
166053.601145646
222642.145531445
167111.344644831
207089.93474002
167271.960064546
182626.242632576
218919.757458555
158078.91065031
164114.574729676
209764.562937621
215151.441359157
117149.183411332
183358.968340471
159885.837160569
120611.538320495
143261.683816347
164386.939427707
147967.107801356
161982.842263092
163933.836209782
142207.220950436
143570.877732675
168607.827100988
137195.047058216
184877.023370259
121064.48316113
81090.9631318403
122395.549774881
161653.402345041
172849.850053807
169621.094483866
139065.079002084
123411.838533713
148147.631528397
156998.040648209
152100.210137143
144695.628374009
140468.75451736
130429.692110981
169196.577564026
146617.268204011
142636.391224971
148924.453196094
122548.746453286
103976.737594609
121297.797874826
170647.240992802
117919.321455837
181633.563661432
126036.464735055
134933.698856402
144212.677195287
79481.7839371237
114244.467306933
137345.100828091
126395.9065636
111708.764471695
138927.176694057
129385.668922836
144460.348289777
101637.719486344
118166.709061401
141142.588493784
96093.0320771569
129638.070207771
127943.097448482
133450.75533843
127179.070435856
105822.807003043
124972.883636364
67330.8235503835
97350.680078083
125291.722555702
160451.327644667
134589.14184074
146606.072136275
126157.954252205
42372.6030495704
145731.655868989
176710.887870772
133497.871468885
121330.821955036
111437.217608336
138548.330186982
196437.272006982
187124.621485297
129728.938076784
132379.688162676
133353.412383719
94867.3442080707
134653.201391526
149936.562244387
140144.444025277
91611.4504959888
136735.405326623
126936.430865143
133423.251303554
150130.804626735
154448.724532272
182192.717354998
51451.4293710431
136312.703144291
158150.382330678
123553.316887426
101663.033036657
161711.818023369
127708.860680237
131479.580596456
118141.262073425
116951.826010242
158499.077221066
204414.770155699
218705.303095914
157707.763797585
120821.127282445
132231.04214235
158449.400413382
277831.588762607
268099.130031279
324108.455117382
290495.047908015
313554.834621402
301068.264479591
275811.841306107
192660.694690587
247253.40231236
176005.729434184
250277.733307679
152725.823976277
149489.931332553
200865.901608737
207096.241097455
201857.42596588
191724.2929075
214058.7229901
207643.934019172
126648.917528983
137110.434244148
139283.101271676
133576.896176415
133615.55351318
243731.461251626
251860.925718326
257311.989531649
190701.955992736
193916.11709921
144088.53374046
180698.85766085
107929.953368428
137797.298493686
273588.800884143
138900.834446529
104934.712456026
137408.645215673
83860.9208868743
102898.471706005
68073.6161136095
79007.6151517681
141549.869441212
136712.552232664
148719.923764341
121981.157852913
139901.038343644
165082.154485563
153525.934789664
170245.509008811
144308.646783064
132298.930269402
136200.767986424
209320.975353517
332836.636140237
98861.4778944754
65651.0046121433
62564.3536304023
314883.489115484
51284.7881338903
235022.929719983
241708.733708146
207800.510904428
183140.948226531
149749.787124379
158337.528326735
293355.197482539
212954.794550643
362912.380082135
307929.760741819
194792.56455225
237168.406942999
217730.27097731
143066.751998225
162635.208499956
95680.5093396339
159974.456906846
137813.777127575
143247.526591886
160531.308078112
139856.466317779
182528.131201467
178242.395244748
263993.131793799
220111.587283405
202735.043111494
186553.467093089
213092.257225824
227214.81084709
329738.055271364
377900.839395874
149492.076969385
208314.395295611
185116.742207646
185084.85013352
257508.223841522
220710.21404265
169999.467336613
194209.304309955
299538.292106439
157776.349176085
160540.119304736
194448.270703536
156200.90667434
114910.360555212
115814.453174602
106929.802225777
109191.513986237
100956.873038883
97819.9287750465
115665.846734906
149348.550188557
142712.494796632
112930.548819964
416101.76842759
426630.199598731
293646.433840811
435785.174683424
279106.082023231
278548.725049881
287989.621315316
353701.384794071
228055.838059907
190540.850209679
201321.895069723
217748.233871042
182765.418304195
186900.344342455
168845.912667215
229210.788323421
210197.976626131
198317.950421026
183422.522245306
338261.911791567
303532.880207294
266762.927429394
331969.664517059
245061.724040231
247141.557466841
246393.849672803
286766.316720402
220536.20870454
206690.009366562
207364.430737282
212038.540212022
260448.664369686
238709.157736179
205745.999787656
194625.240017176
190962.606832626
147703.180227665
147987.353174649
157095.015959578
169893.573672985
180317.430832646
205707.389384861
176675.899959236
190414.166894891
158050.185042762
126895.744296694
107017.2969305
145396.520015384
183033.779267562
138123.860783987
373778.314072182
195339.941047997
181053.518640149
160234.234587094
157617.985014903
177101.692116541
174616.44653219
278505.825660721
239478.512817436
260417.64253033
269618.238491218
262864.310613738
171361.305642357
182141.091453313
214727.326480736
210648.324233643
158744.495731054
203308.551072393
187498.495904966
160626.465957268
214373.351801137
155177.440637998
140310.118973019
141260.20332166
135053.023444166
149350.443226881
151842.503093714
179690.169029633
323430.641558772
175728.725156775
187155.074196769
112566.96574703
111675.531435503
164121.719225082
157794.897311876
150899.955454164
178099.582077715
160542.484309565
149783.293793755
154195.455346372
129152.707007592
148132.390841447
74353.3565784566
133082.486710783
155392.044097157
123774.339999883
120315.921440196
207026.34919855
136781.490799927
159044.688692074
205648.962154864
130909.317391152
133286.48769035
162605.04478956
144443.468069895
171461.617682456
140122.455213319
132063.791070461
122475.964887054
170413.786021648
96674.8119328924
144171.830731408
133421.471395094
88685.4429801767
162439.616926801
130069.896668194
177518.414359357
239164.263435656
111275.8340318
155940.215874871
126381.465327414
117289.850860176
128936.059590547
146403.492727506
111236.638044652
160741.211660788
120838.576792287
76929.6393995019
214607.44081519
184573.683516636
125530.002607405
86344.3754889506
142080.664154147
135881.134114392
104320.620764926
143039.812326539
89433.0602648653
132752.010692231
133451.089994951
157159.665495958
152226.791252867
127385.19986592
102327.271429314
131834.699462268
111349.320938405
139972.438183308
134075.251848845
115600.971960015
129089.849856738
132931.367411298
97504.2303142996
148392.959769674
169371.769224223
134693.057445514
69121.3861005744
183351.998225909
155927.211377607
141144.454974033
118357.436624006
163986.140341691
164670.763299909
122694.74485677
75778.3717266988
131347.523546831
138720.251695648
111117.74674172
143063.576319922
131076.438414429
141802.593045751
135113.254604973
128577.520096975
105822.399243948
144522.765704648
160495.804045478
191526.288429858
146228.633859802
207290.123730203
203732.785979768
204153.183570296
215395.894039647
170242.014824695
176831.973491665
141442.484333007
141229.761498185
141486.453059942
94117.6362429065
103440.627714411
253468.966130624
231308.407371232
223204.023923171
242096.309589909
347085.849232285
328991.193179611
191108.470504529
139399.192110263
195354.944914032
197899.095133371
210788.27835463
214312.908463572
131972.917579152
167710.411066905
124477.217543008
125677.594053172
229676.877178886
231555.049544214
260219.969325133
283170.358614441
298237.373361044
255192.565826175
208128.624876167
187783.795152887
143952.870720227
222656.56159958
211056.678743965
188420.024987081
194162.005185217
193168.750904222
145802.487039975
149141.136272252
115726.377739066
174395.373159213
623370.631809888
136191.714841296
75968.6121133837
74723.3322271075
83920.0476940825
108767.742799198
111024.926567481
126587.038066178
111378.741248158
125630.602094346
98904.7979511672
130305.98297285
174454.866890701
221189.030165394
175185.332893335
98070.0373509413
168633.906828052
125327.255650319
219553.09167029
373139.948656435
248924.027855854
265714.469666681
214411.191463308
159860.309880204
119654.978873671
104182.856142172
116139.932765155
130849.113301968
81004.1904776194
78301.5875452881
73074.9662318744
270607.407918218
288428.688019275
265919.622672523
206163.98369299
157037.596820706
107797.884780199
219796.112334192
313155.878075121
297648.714374637
261543.994263745
151549.069052252
209915.853991534
221832.34931085
313371.385248558
276509.896399319
335212.363876272
202586.23501924
199991.616267779
121766.140438574
114707.057286323
103381.904245116
100701.869005986
83119.6629632144
137538.756581143
124832.522382151
176873.451750938
262859.557253369
281289.433852298
200814.783074482
169251.433032888
176252.841412461
154947.057323438
272901.690945504
199538.435759882
173022.742094163
152137.765700271
367561.463790286
386589.190913096
414739.361412692
143863.106665947
175154.794962707
189811.78716555
194072.51909254
161338.476740782
178582.646274779
148000.210685069
134194.986539069
185298.889764146
148281.660563417
126047.788749989
103896.065348273
132120.007839991
178970.319052185
117258.015701745
124387.381677024
129464.107098795
130020.943025328
125908.285217087
370520.894695969
335186.53969923
376775.482766619
447054.828694322
337392.540567378
420683.087115763
259006.717781915
373128.683065404
393157.355874025
451780.543710501
304636.149463403
314726.949249101
350570.474794851
335318.502889278
330166.519270331
297618.245851682
254918.698417879
264462.629261648
266495.781996471
202079.536329964
204001.353363707
241086.529664992
241357.068347517
218036.440520359
216786.943048407
176946.968998454
178139.436252969
176420.776858268
196550.315133118
184377.580241719
188199.251258619
201541.382198905
186260.561079616
216673.982990488
222239.8834887
194238.544224334
172322.637712766
162845.196504607
219828.721302547
166904.143743475
177255.997825686
463971.159778081
335605.24499906
515424.273724417
244133.961554123
263256.834046461
311049.448360058
284322.254732486
206550.61759227
307954.221535617
256631.506186351
239763.785593833
268960.415325799
305261.39387864
299597.747126189
259334.619935912
252889.481555746
242249.948513923
297093.416076019
250870.128730823
217209.019236901
200118.286021717
254680.761485702
224217.294182303
259150.92179962
259167.044351909
243267.201041892
295638.950912093
137789.370588387
152763.484484502
149991.229277441
193356.267745592
147346.718502682
118843.272934327
136666.518964995
142781.018102433
125644.717445841
147460.914369726
265407.396427187
137724.317612693
187878.259286883
227359.87413143
242781.78374232
222311.911504725
233807.691243891
207528.609422563
174275.895253176
177893.655099133
177847.273750408
191534.161865934
237479.576823181
189821.581898583
320367.150608265
242174.249840057
197009.976237752
185981.134060154
192075.62670937
235335.675659159
144568.469671584
235719.499973165
162183.350906512
138483.68451894
141755.886536019
103656.086697459
134914.651737339
138444.894490199
125410.074656569
149629.609025051
142657.600178075
136399.180114471
159911.550554716
141535.514384642
190846.860457007
147633.88305652
216888.728938769
177183.367161295
109813.506657836
128599.04564068
46667.5365989122
63576.962964511
111049.086596468
167353.932963212
140427.559973449
135918.912277218
145602.833958765
144405.937695563
146230.925851921
132021.336035561
151786.530902582
127369.522902098
172739.942010811
157507.091629271
139179.433342232
133691.680778152
133000.093626004
121753.692277761
127037.971022933
128349.394982724
149758.941206193
109114.251913411
130586.680614169
158770.842192079
177518.371988581
81366.7530618518
132110.160303651
161333.244707954
125183.31249548
134532.097760874
155889.456429112
130896.128394409
109988.537477887
90442.5964167264
121094.565283533
95068.3540635471
106668.659323806
92949.4890470524
89723.6583851132
137406.637546795
199255.807268629
135689.857027075
206433.824046994
141415.462871444
201679.169277171
95748.158499217
127073.357037794
127434.310065473
124575.596672992
132507.447863459
135258.292945561
169844.30786487
169590.718064842
121178.690224528
141942.534853959
140240.845722402
170833.118632182
84001.4697718159
151812.677441368
178197.890480286
131643.252617864
156572.813172758
101358.082111717
93167.3643710969
75494.4113273019
222933.538419233
111381.926026374
122746.766717203
164181.391876318
116837.858189914
151936.025896176
126028.92964314
115762.731000082
118677.104491026
124690.41135692
144986.621225858
159073.182137812
169851.72500494
158129.720435363
144781.620386177
94877.9158856636
181258.150911953
148320.190165428
253135.16209224
231146.252857759
147547.029516286
147664.672916602
102275.603232573
170444.661498427
229287.918883785
275379.318051446
225749.226427396
220386.460931687
256919.558403049
324559.605007648
203834.825299443
217765.658836102
269966.534568194
134468.494711805
172498.807509525
172320.035633711
193745.834441405
149376.82064345
220253.8057668
204278.822457003
220595.860508345
189702.578680284
127518.260675302
151623.270553612
139658.699578793
122819.939267307
123369.859931728
137470.035899314
292967.343869931
247817.637632094
221834.808146777
275329.793136753
234127.366038315
234975.234074267
264941.574422884
143019.690985027
206206.84486991
195213.42617721
188526.887911889
181984.403527814
169458.965893245
141860.35894744
116950.308791401
144241.034065417
114154.676997446
151850.197279462
146045.279759132
145043.342766789
552114.087510122
125177.25042565
106711.737061973
84164.5492833145
126173.10426999
101533.615529326
116828.122687887
162081.422039348
173069.320788179
100645.357484277
150485.371437585
150176.280978949
157985.983452511
149197.739514025
184375.096363036
180478.124164232
143679.64196275
198360.141106769
134692.426823087
223717.190805916
198758.193066702
141536.422267013
259284.212918605
180531.353545375
127966.45177153
218007.099731295
301770.503437906
115141.425291175
135507.523474069
90747.9861400486
126578.668036224
147864.880332884
90019.1096502161
74271.5895306828
134005.517997562
118281.438103491
103227.410970817
115904.942702083
284400.731463789
153459.859423035
141088.164878778
179666.245110161
201076.447613701
156385.831458842
172844.456834213
223287.261644384
255807.221762617
185336.161329827
196017.248942005
307030.202281118
276813.692351615
275921.972021742
303489.258264013
132054.093477266
147545.055229215
167415.281335935
131946.651987401
131129.674926522
97129.7616398578
78395.7547256299
84191.3802487619
156422.146445101
202501.744926978
190733.394933033
167162.65680854
130867.849800059
114730.398248186
115776.858952551
125101.099017886
130982.135747134
124557.870661584
150800.198073523
175941.992877457
200684.750577974
186081.860179018
287574.571150287
231687.93634546
242823.044620045
231412.503200621
287092.438718528
233174.703099475
330150.891532821
165742.730721116
177542.709760094
285212.453241828
368355.641038522
433432.023818414
426773.515092075
137511.873848407
414745.068507742
238856.691569386
181783.773519633
161956.235574704
222468.955453244
193342.900849293
273597.623165737
185136.561079876
148628.781659674
174339.25413811
93887.2451119244
184364.261448763
111333.646863608
131838.965120643
106488.311570426
119282.207612951
101800.314828992
107057.718029892
113454.025115131
106187.537311913
154096.933671308
148262.900190537
146272.254265797
412022.822336824
350360.443287782
420728.615048821
260519.725379953
393364.025618306
350200.005316546
317390.318051973
368566.048587236
365535.673955068
294019.910629308
357720.989834586
354534.085846837
441507.132296095
281384.174390857
292845.532899091
275958.590471443
205609.065859912
205956.878816344
330373.081828454
295965.165735781
198494.458807952
181197.812023125
175436.143607389
206400.145891745
172691.156679933
195847.907176474
209664.66886163
182484.588914731
198531.021031603
225702.173307157
194412.37113535
240709.673535919
193893.691802677
243132.653348926
283915.652535734
291333.382612115
463202.859491113
284600.209798508
451373.704269154
328427.227093804
318183.323587956
326713.777264265
310569.731106273
370727.967541633
234512.39860265
212417.53924956
268914.256712129
201374.670395016
190685.463701444
187805.75284743
207499.644295905
143738.008879062
200869.696259383
187576.349091588
178421.59960167
175416.64508848
192136.732794354
181269.701149816
156453.273528866
155267.397880949
118463.09498813
117490.290990854
134083.86535063
139653.351217149
162878.212195128
119286.479731946
128041.553596426
112254.813451075
284029.027400098
320927.362993305
259700.218604265
217321.275849918
159351.076995739
162648.699065517
162648.699065517
175240.653087994
183988.789620746
179772.134405977
154654.109456685
248268.080063189
169687.249429337
196900.68736925
181760.138222885
194460.353734708
328224.16208952
152734.244004805
245100.558532895
129841.119453068
130800.7774579
130480.509300089
114656.895236224
157932.810625377
157372.898187896
168617.640372064
145354.109079673
133332.780378281
134033.14336018
114591.938324827
93086.5953590906
87955.503941731
162116.540075536
142309.179477524
121120.874488062
143261.665343948
160350.853459123
211347.947900116
121404.057440033
135171.523682774
149626.464256729
150946.036733395
159874.717899144
138193.814421036
140717.22109601
145456.336657513
151084.609836335
135349.021218783
128463.099364453
190843.920738245
136432.730664697
119042.346510555
82434.2011467459
113276.285448758
81579.8647856197
151509.571333831
106749.177018813
132085.407548063
153406.260210702
144223.660806848
171734.854890699
142113.887719953
103817.318098609
150570.382696065
118632.529954243
120315.634823751
266289.21664423
81757.8023523323
106310.956254923
124574.633179271
80822.2704845459
141719.86821571
127978.957169658
136077.436161148
131780.424086473
146495.933607188
112337.308344913
120102.377643092
112970.244127789
119953.605311755
105617.962882271
96070.5310899038
90648.6415535094
116442.077276696
122510.078795993
141856.096063206
59798.4092090513
93588.4345089084
161688.378278762
171865.228121359
101687.807326811
152326.083540541
117187.021288372
333079.246886485
101975.259657682
110917.039744069
63944.555011046
133793.715397359
124799.977657583
115970.084509676
91410.7724251972
139242.344496115
132615.522875869
120152.529018806
99160.1963999946
180023.807129759
93271.0264057601
113619.548930632
126341.664748947
130174.823922479
79798.8815023511
108874.352381206
136851.018163337
173854.994677438
89699.8975969944
154939.964972674
138213.561495554
112933.968192327
147596.104578326
156051.697604432
159091.811864965
160137.631717827
157669.544382852
161860.228955629
97971.1705099527
133799.687803758
239874.269856237
208999.36190464
132308.360864729
191372.952856835
185669.610697279
169383.6260162
154667.645999122
139942.230966055
133405.666589516
178472.636931754
171624.502548189
199581.875286745
247004.303180756
246039.49628018
288919.093850646
221787.153254882
223219.047413903
195190.104966213
163205.832138684
155333.823010811
139174.513937273
173611.270247353
141792.904171992
199901.885664161
223548.530603443
202912.673271486
139182.530862311
129549.457028835
140319.541117272
262752.69411537
202371.950659151
235361.428452137
144766.278348719
143735.25343156
204519.380688324
228235.061583121
178367.300223267
118891.113049216
126353.656447801
178330.09109767
225976.921318173
130312.424820633
144192.341667619
141556.110876018
159777.3920002
159777.3920002
99130.966998071
129800.981379316
116077.169688703
118590.886486624
148841.34963467
149805.200304405
137777.919470026
127630.366488915
156577.981144218
149662.537081676
184102.531145559
142593.740802182
199512.336288411
220588.467735611
200173.637877798
189460.188269107
207109.371285721
215482.61125478
165771.476994168
239014.023868128
97154.0544305752
138730.76795153
73868.0005428975
46076.5418155872
62068.2704837413
197518.780398848
163016.042066921
209377.980863242
146628.643292239
201375.031386749
292929.931274371
172691.883162259
207054.714687928
247241.087639548
342795.053463699
159840.275967725
132649.670062223
161575.6046737
85424.2473449903
156077.156332765
91671.1875552559
87659.1331468016
93905.4646367781
87474.3969094372
175083.368523482
150364.243365552
131794.906678447
128198.444094532
212822.025798522
