0.601769911504425
0.602634467618002
0.468459855649148
0.408938455369556
0.467461044912924
0.466727859714867
0.459989868287741
0.476111469242394
0.46488699215302
0.445141127447126
0.414522522993995
0.462589326513377
0.58135037460605
0.531654132781454
0.493800070674652
0.445860616249803
0.532613183499084
0.43618668657093
0.489862969646079
0.447953773952002
0.570450051941959
0.542020403795391
0.433585909654673
0.453874415901993
0.57183974592252
0.47013261080858
0.449975704567541
0.410137328444564
0.436050859260713
0.441281138790036
0.474446008313967
0.542577044175174
0.577482394366197
0.437841570852621
0.449649078391246
0.478718732273235
0.47646845675946
0.515959741523323
0.447099355121921
0.469837686405514
0.444444444444444
0.600838278915463
0.429315403555584
0.574675655278164
0.610244988864142
0.634146341463415
0.470561570049597
0.388755919218062
0.440750743076324
0.44052610752917
0.441372208677459
0.504030453114621
0.475518951822269
0.450500450405365
0.469086090587857
0.391530995510456
0.682536575314239
0.470454345588197
0.553397960777314
0.441605600378132
0.585143916868467
0.438869701287059
0.57668151476877
0.536453465732087
0.463563780404778
0.470102144367833
0.434065934065934
0.440987804878049
0.43571779055096
0.437994577470437
0.441132486068859
0.398538971144013
0.477473415134689
0.458502123890903
0.575940299590149
0.542893353040881
0.460907220351665
0.425
0.567767975200445
0.545692241458978
0.450500450405365
0.510113664259857
0.440193732995591
0.519981851179673
0.580426356589147
0.407842622905553
0.672673844885519
0.392396757367354
0.46135261119176
0.387382761403802
0.448456347163031
0.46551724137931
0.438457625792316
0.469348572689615
0.6035311051722
0.439871703443641
0.462234899580336
0.438513631980363
0.478533210073676
0.578857600732601
0.467195694610617
0.580426356589147
0.552004728132388
0.490918493805868
0.451823685502287
0.513670852956567
0.447894947452665
0.581429381735678
0.468146651554723
0.568239733030242
0.56614067188758
0.443935337132133
0.463627883310719
0.420944517380828
0.472380525505404
0.435483870967742
0.598304079376635
0.597770794471439
0.575786657360554
0.456890980255466
0.542062981446382
0.593103448275862
0.611353711790393
0.366666666666667
0.458092453355611
0.446771787271485
0.586944484568347
0.482162684167844
0.438364867452264
0.481774475524475
0.440512888610661
0.567388482110401
0.405281285878301
0.470978188260579
0.58915492419903
0.472380525505404
0.437350712872755
0.59229976529714
0.441812470244168
0.363899106673673
0.441372208677459
0.450397451264904
0.439376417975421
0.557033107377935
0.428731156721082
0.454763340800735
0.589861751152074
0.454145358223528
0.445241451039988
0.460596012307165
0.525500200080032
0.435567095311504
0.438447962089184
0.475567115811018
0.591435622832376
0.428571428571428
0.429724302615869
0.4139032881392
0.39303048198614
0.47013261080858
0.45369937289956
0.435139669490815
0.467130250560852
0.628489758698092
0.403890287503715
0.411357114751581
0.620224719101124
0.39579652532391
0.472114307185464
0.579107743275316
0.434295118801741
0.537029156816391
0.425789363374959
0.448667999741985
0.561381910616664
0.386049407744215
0.46630966718281
0.42974642869223
0.443560258317769
0.521116509830453
0.420758145912643
0.440811915121001
0.380230727350314
0.473516677681715
0.465233102810502
0.621010685001824
0.429336188436831
0.470561570049597
0.42901721384897
0.434295118801741
0.446138353086993
0.444617422126114
0.447222157035419
0.394720249552001
0.432697220063825
0.438457625792316
0.613726512226512
0.437434279705573
0.43279253997486
0.607886089813801
0.475615365629277
0.392098849922382
0.542823527256214
0.574499303129236
0.458783682797125
0.450252249275657
0.602862434680968
0.470164090086348
0.467146714671467
0.567767975200445
0.599788806758184
0.450252249275657
0.594943101905127
0.464324954742099
0.470657719609583
0.518850158121025
0.458720389596694
0.510913510278365
0.513573032021234
0.416493608330928
0.643858805826663
0.438726920409129
0.446627609017124
0.438025210084034
0.56971334971335
0.539333879860475
0.561381910616664
0.518282554087999
0.569421167068226
0.449443370537473
0.62119503945885
0.482704231480474
0.656503687178534
0.463794683776352
0.460332811396641
0.441379538203949
0.453831041257367
0.410761409365758
0.459758551307847
0.488984390799948
0.458293384467881
0.432473598267313
0.47013261080858
0.55957113946579
0.542626309446556
0.429315403555584
0.438606946448362
0.595059076262084
0.474363587589958
0.451866004577724
0.476513910991182
0.466222645099905
0.410966574115265
0.572658258329954
0.475449980811911
0.390337281248842
0.589175875382772
0.446122860020141
0.383355210754401
0.44052610752917
0.44449710373881
0.51934960168137
0.4269972217635
0.475482835776953
0.615131578947368
0.463748630817434
0.459588349280064
0.532890423532497
0.470561570049597
0.472406634041198
0.446863194197633
0.373139871816909
0.439312156121544
0.43254817987152
0.457388832124427
0.451551299160632
0.517972794029132
0.556056774604103
0.440811915121001
0.580426356589147
0.4375
0.441605600378132
0.43618668657093
0.607787971457696
0.552401570796085
0.621749408983452
0.428571428571428
0.425373814110885
0.468447220292894
0.429394826083259
0.587392159963453
0.442
0.442
0.607917749162243
0.418211821869771
0.450526549163064
0.543002371870109
0.416493608330928
0.599779492833517
0.462400779106541
0.47013261080858
0.448193221511712
0.437207683438839
0.409620558707317
0.47002557757787
0.51878642540513
0.571570085901177
0.428151785329715
0.434104435632288
0.582566483748417
0.454545454545454
0.568378202344768
0.529376541035576
0.423809662476368
0.439210799285426
0.594580999510577
0.438869701287059
0.565994328047228
0.446272532715261
0.439210799285426
0.449707851629551
0.57233300686346
0.438513631980363
0.534883720930233
0.53258102502211
0.610928961748634
0.44128834267437
0.6
0.470204745631021
0.605756989093111
0.531051624146502
0.602228567881309
0.407800200472442
0.438025210084034
0.477011356125698
0.563492063492063
0.468559460731055
0.441921567445904
0.56971334971335
0.408938455369556
0.443991853360489
0.428571428571428
0.439554809944154
0.618443006849716
0.507375658152387
0.455769230769231
0.639852941176471
0.44351332398317
0.428731156721082
0.432723358449946
0.451844678205319
0.592552980788275
0.414541693758893
0.433189655172414
0.439394055224016
0.470561570049597
0.460230988017346
0.438606946448362
0.438838076586524
0.469301237404562
0.42266372179757
0.5971073608403
0.434104435632288
0.473076903409236
0.488050517676726
0.601895747739434
0.574074074074074
0.518598295973526
0.526982462323174
0.423319508672435
0.473557774967428
0.589403973509934
0.54197557984147
0.455272561575173
0.448529411764706
0.534011144255097
0.436490771437086
0.39378307749742
0.384837697450351
0.426184961419861
0.38587409779352
0.462177121771218
0.51304347826087
0.43800188528704
0.428998759951193
0.473516677681715
0.443907739977088
0.408474481039555
0.51304347826087
0.606448076490494
0.426336189310485
0.467130250560852
0.528087955658049
0.447129559569574
0.433962264150943
0.419396031116765
0.598568725094744
0.449766227523978
0.59097892588646
0.472079131040933
0.448529411764706
0.474725505744941
0.395748960635935
0.570422535211268
0.479067942860637
0.432055052219603
0.602996276125522
0.524498187900753
0.535659000442282
0.454590281513358
0.470561570049597
0.458293384467881
0.515432245772803
0.447784477391925
0.444650907394625
0.438869701287059
0.470978188260579
0.42683165229994
0.438606946448362
0.436576265016381
0.577777777777778
0.454298913382762
0.442614977355361
0.428571428571428
0.472114307185464
0.455096475071762
0.459446710861805
0.405644090120545
0.439431258181258
0.442527307099846
0.619354838709677
0.449933671038235
0.405558273047911
0.585792809299252
0.415966350221156
0.462195991788734
0.40281360292905
0.438838076586524
0.559447248559943
0.470561570049597
0.426983870370183
0.461003455083909
0.618915099480646
0.601528429819637
0.573596602737707
0.442427473024488
0.454826437286388
0.399546641762324
0.523056076714613
0.591157241025824
0.436490771437086
0.595225707348496
0.428641183035714
0.441971326889635
0.467967510628847
0.387743291761149
0.571748296318086
0.468420244476174
0.461538461538461
0.451741845698521
0.449443370537473
0.513383308925015
0.433680236020137
0.4339383983703
0.462400779106541
0.408520190080474
0.580499120140777
0.487678314134625
0.597676615267606
0.591775325977934
0.456040654131893
0.440750743076324
0.577329744553349
0.474157643826761
0.534883720930233
0.59958071278826
0.605088495575221
0.44128834267437
0.473516677681715
0.438949886698945
0.591859825517435
0.436540565561353
0.61486861445241
0.4697805383623
0.456223126735168
0.41758257685191
0.52744230435537
0.466636582430806
0.576793873861835
0.599781897491821
0.431678998632733
0.517972794029132
0.431830574006146
0.550038520801233
0.449443370537473
0.43618668657093
0.609649122807017
0.525924570647931
0.447552447552447
0.318308786185881
0.44921875
0.533333333333333
0.479440981690689
0.441605600378132
0.386780450333669
0.446863194197633
0.455422980860067
0.453874415901993
0.60209567698047
0.432612388596189
0.582620874436731
0.448592850731295
0.456942480734838
0.425648554672478
0.587559518007243
0.472297822480539
0.425899280575539
0.462071599339631
0.440241473131863
0.51878642540513
0.587719298245614
0.417032982957839
0.554621848739496
0.441971326889635
0.426184961419861
0.40049620387119
0.568236096135167
0.611475445084717
0.594963273871983
0.517382413087935
0.462107537468548
0.549127044503614
0.436123765558489
0.552765997495957
0.470978188260579
0.531538822890196
0.44132937024205
0.511252911982174
0.518380518595317
0.432460775528849
0.607982391309027
0.472297822480539
0.44921875
0.5625
0.452143465185845
0.439431258181258
0.442128982296126
0.470561570049597
0.508982035928144
0.432460775528849
0.472380525505404
0.447013351956786
0.469448981632721
0.4346918567944
0.538670688292573
0.532734274711168
0.473888089672121
0.623716790679345
0.476301363088867
0.439694944956376
0.46457044356204
0.485179550872747
0.396346037699863
0.436552057294462
0.442411303363835
0.445717268118103
0.447953773952002
0.566361196158202
0.432555985440013
0.438669762253726
0.441281138790036
0.435483870967742
0.460820895522388
0.454025712262352
0.481225003124609
0.438469050480769
0.603661846687066
0.429731299243494
0.51304347826087
0.518380518595317
0.438949886698945
0.414484860225308
0.462953057168115
0.520825150562975
0.482704231480474
0.60428323905621
0.473516677681715
0.439376417975421
0.469758944380975
0.441343328618172
0.541959829660343
0.448382149928443
0.489898877488185
0.4139032881392
0.429731299243494
0.447058393233207
0.601472297387706
0.43618668657093
0.624277456647399
0.46708657282529
0.423178443336271
0.542639791077833
0.438072809827137
0.466998164702612
0.45437077780649
0.580009699321048
0.473076903409236
0.5759626286412
0.403373530155519
0.43804364268966
0.520770010131712
0.397806756765785
0.599784828997505
0.538903870070063
0.445894542615854
0.454456373919461
0.529411764705882
0.4346918567944
0.433191170764828
0.602377110808085
0.440234464441086
0.527864044168392
0.415425076646484
0.452729190722605
0.575757575757576
0.471276820961134
0.570352649300018
0.44128834267437
0.607027000487475
0.538750894904806
0.537619158477712
0.592938733125649
0.58329276209023
0.435567095311504
0.560223732560473
0.440933536045746
0.573596602737707
0.441731870326222
0.461754016640773
0.570352649300018
0.591836734693878
0.485687567451506
0.548803250386413
0.458079877112135
0.455466728133316
0.438869701287059
0.437350712872755
0.530547472160788
0.429143778864712
0.58298669244179
0.560501050105011
0.482237250192384
0.470377019748653
0.472380525505404
0.367472304053774
0.447039137537372
0.435858386918196
0.405644090120545
0.442427473024488
0.470164090086348
0.435501653803749
0.450407683956307
0.531654132781454
0.58488402284923
0.446297028856126
0.4430703162831
0.433184689337359
0.449415623913799
0.533471918418987
0.566913526294842
0.444878082212644
0.594248664170695
0.457714072344409
0.418805538462492
0.585414585414585
0.470561570049597
0.469758944380975
0.454763340800735
0.589479189094113
0.428571428571428
0.593220338983051
0.462288575533888
0.601108041743401
0.443993908516773
0.537127659574468
0.449443370537473
0.59388415971109
0.451814302859343
0.391061452513966
0.438524590163934
0.4346918567944
0.412051402229566
0.397836460324271
0.445340335510689
0.429336188436831
0.554808442923197
0.620055848303195
0.601558164539401
0.468459855649148
0.47013261080858
0.472234859973713
0.421974609353643
0.43743482341018
0.607084799901133
0.47257709087907
0.440811915121001
0.44751871293866
0.45
0.415303334448534
0.585581254331254
0.45789354921898
0.425694172626884
0.570450051941959
0.44128834267437
0.442698040184453
0.48913829988045
0.458959049242527
0.439566316036904
0.59659168545467
0.455399061032864
0.428778321653549
0.569421167068226
0.435790911705493
0.562701497952625
0.44128834267437
0.540247460367675
0.589600677440418
0.591072560653259
0.442605277093454
0.580952380952381
0.463147945478062
0.43800188528704
0.457291864729051
0.460173893405601
0.561042524005487
0.446808510638298
0.593797379334595
0.407135143474236
0.638888888888889
0.417318465047585
0.532734274711168
0.480640877312241
0.473916611871313
0.446627609017124
0.516017219742339
0.438606946448362
0.606060606060606
0.470164090086348
0.468146651554723
0.586883262766785
0.41782879403044
0.472380525505404
0.540095875995924
0.581000341328016
0.46069229931907
0.395898465886777
0.46034915847787
0.520698902349333
0.428778321653549
0.473076903409236
0.43800188528704
0.477011356125698
0.545692241458978
0.585095208296084
0.441281138790036
0.436821280473246
0.460716017735901
0.478180759458531
0.405820628646716
0.457390537351972
0.408928320494641
0.439431258181258
0.461754016640773
0.520770010131712
0.468965517241379
0.466297038624083
0.541835780134888
0.483090286560577
0.439376417975421
0.589450111085085
0.57600011848241
0.519607843137255
0.379654439619329
0.441971326889635
0.441731870326222
0.437860203031075
0.438513631980363
0.439394055224016
0.581284015319492
0.450718301981218
0.465975256686915
0.439554809944154
0.463748630817434
0.426247154528931
0.609769353128314
0.566708648194794
0.432400696330034
0.466727859714867
0.46673546769084
0.512393178145984
0.43618668657093
0.57233300686346
0.591563090590556
0.442
0.558988838516397
0.473076903409236
0.475466322915793
0.527992537313433
0.573770491803279
0.419396031116765
0.441372208677459
0.478092302688016
0.420764903257877
0.46856965680842
0.621937578436187
0.461377396017748
0.468376277204355
0.447784477391925
0.428759910533232
0.456345489986823
0.531048116236164
0.485307609282245
0.592710008038585
0.588505312381804
0.605997858672377
0.409761634506243
0.566913526294842
0.449443370537473
0.470204745631021
0.45949614918657
0.547164879654758
0.434421929024822
0.438513631980363
0.583333333333333
0.568434319542622
0.442439108947196
0.471301958119926
0.513670852956567
0.477011356125698
0.339714233376076
0.671886144793153
0.4671499996715
0.45644497346625
0.51304347826087
0.597652081109925
0.461434540367302
0.412711321036996
0.467898934159439
0.451913442269154
0.585002639915523
0.477011356125698
0.436566794601956
0.472258930838339
0.438578680203046
0.45328176210445
0.625
0.434103567665211
0.411827978131206
0.388666509384502
0.53894220444727
0.459255708248997
0.447334046133061
0.518380518595317
0.425789363374959
0.582089552238806
0.605263157894737
0.468420244476174
0.438130482270177
0.595382043172982
0.551057483179869
0.60972972972973
0.542728553303296
0.405850948214965
0.569684550422255
0.440241473131863
0.547052534671695
0.439642269712485
0.415000290916834
0.542823527256214
0.45789354921898
0.435858386918196
0.4430703162831
0.392396757367354
0.467045895281189
0.526749655094186
0.469086090587857
0.593267658705205
0.518282554087999
0.441161924710537
0.418941907297426
0.366521584238162
0.409041068580542
0.405820628646716
0.440702271769777
0.467030485323168
0.509248067142564
0.436238782905736
0.468484753976441
0.490510618675993
0.592431645619419
0.414179684738814
0.462824751104911
0.438130482270177
0.478502326154605
0.482635951724889
0.438457625792316
0.473076903409236
0.438606946448362
0.597330367074527
0.435139669490815
0.601307228322331
0.462079564725834
0.518380518595317
0.450872122502789
0.443469250636042
0.517382413087935
0.437090787087932
0.4346918567944
0.473076903409236
0.455109261746343
0.47013261080858
0.43911984276892
0.468959125627177
0.475466322915793
0.466087582793174
0.443729637482546
0.426554257146362
0.599787685774947
0.452788859202869
0.469090909090909
0.515959741523323
0.480895173737121
0.433189655172414
0.45789354921898
0.583005882534585
0.445286442050452
0.43
0.431537427038418
0.558458624161646
0.566317387169922
0.465783093819371
0.450500450405365
0.426589011580932
0.438484312996032
0.482311829488661
0.459295261239368
0.614342123387257
0.472955885951194
0.492375464785652
0.407386739417989
0.475466322915793
0.53233878145481
0.467363993882456
0.428778321653549
0.442006564551422
0.520770010131712
0.439036004645761
0.410005324813631
0.444917607011166
0.57061065053198
0.407821229050279
0.480605398261577
0.462043186450207
0.394832178235785
0.572523045382947
0.438726920409129
0.468085106382979
0.417120066623645
0.527550713999733
0.464153452578927
0.40722570156055
0.636897856590432
0.40626753647587
0.440512888610661
0.480624213645034
0.612577302946844
0.432460775528849
0.453241367302198
0.470561570049597
0.473811775143439
0.475965717549693
0.594608054269409
0.564102564102564
0.544905380717659
0.469148285461059
0.460096823668528
0.607963983690728
0.520123842352616
0.602577947610345
0.444114502561211
0.410270437075689
0.421540774952337
0.553702845575548
0.403582121471343
0.437860203031075
0.446438637461749
0.455327303010048
0.478944790968607
0.436561527708888
0.464108941042716
