0.769230769230769
0.563121800444316
0.578082191780822
0.153577523159434
0.742520138089758
0.734061084659157
0.7125
0.578362978362978
0.569096171055387
0.162162162162162
0.170373838380269
0.162697963800905
0.576826196473552
0.575305641478863
0.734061084659157
0.255684754521964
0.742856494920174
0.252606712284132
0.568123393316195
0.162162162162162
0.769230769230769
0.575063613231552
0.252606712284132
0.206622879036672
0.55421686746988
0.572538860103627
0.255517431728885
0.170373838380269
0.154367646744817
0.252606712284132
0.154367646744817
0.578362978362978
0.576826196473552
0.154367646744817
0.252606712284132
0.577289531423762
0.576826196473552
0.577289531423762
0.252606712284132
0.712386820925553
0.252879712557132
0.76914194350684
0.252606712284132
0.769230769230769
0.769050368415265
0.435476410730805
0.572528972036546
0.153577523159434
0.154367646744817
0.252606712284132
0.252606712284132
0.448018528049408
0.207051879465673
0.252879712557132
0.732758019444741
0.153577523159434
0.769050368415265
0.575063613231552
0.769035532994924
0.252606712284132
0.769230769230769
0.252606712284132
0.577289531423762
0.769035532994924
0.154367646744817
0.575063613231552
0.253117905016639
0.154367646744817
0.252606712284132
0.154367646744817
0.154367646744817
0.157894736842105
0.574772708823768
0.162697963800905
0.768420103861167
0.572528972036546
0.572528972036546
0.162697963800905
0.581333333333333
0.572528972036546
0.253117905016639
0.576826196473552
0.252606712284132
0.575063613231552
0.769230769230769
0.157894736842105
0.76833342386876
0.153577523159434
0.575063613231552
0.690293859465786
0.572528972036546
0.162162162162162
0.154367646744817
0.578362978362978
0.76914194350684
0.252606712284132
0.252606712284132
0.252606712284132
0.579596913392223
0.572528972036546
0.571428571428571
0.769230769230769
0.577289531423762
0.563380281690141
0.162162162162162
0.74436945818358
0.253117905016639
0.580808080808081
0.742520138089758
0.581333333333333
0.577289531423762
0.252879712557132
0.252606712284132
0.153577523159434
0.572528972036546
0.162697963800905
0.769035532994924
0.769050368415265
0.581116456770907
0.733398184176394
0.769230769230769
0.7625
0.769230769230769
0.153577523159434
0.559368904987462
0.252879712557132
0.575916230366492
0.566265060240964
0.252606712284132
0.581333333333333
0.252606712284132
0.565503432494279
0.153577523159434
0.572528972036546
0.580901856763926
0.572528972036546
0.252606712284132
0.769041576021271
0.162697963800905
0.379128856624319
0.252606712284132
0.252606712284132
0.252606712284132
0.577289531423762
0.252606712284132
0.732696241079951
0.577289531423762
0.193861572189164
0.154367646744817
0.154367646744817
0.207051879465673
0.253117905016639
0.248792157778037
0.439607805987116
0.769230769230769
0.252606712284132
0.690293859465786
0.153577523159434
0.153577523159434
0.572528972036546
0.162697963800905
0.252606712284132
0.574772708823768
0.769041576021271
0.157115489874111
0.153577523159434
0.76914194350684
0.153577523159434
0.734061084659157
0.769230769230769
0.252606712284132
0.580468513472601
0.252606712284132
0.154367646744817
0.769041576021271
0.153577523159434
0.571428571428571
0.252606712284132
0.444444444444444
0.154367646744817
0.252606712284132
0.154367646744817
0.157894736842105
0.572528972036546
0.575063613231552
0.769230769230769
0.390434451219512
0.572538860103627
0.170373838380269
0.252606712284132
0.187767094017094
0.252606712284132
0.162162162162162
0.157894736842105
0.162697963800905
0.154367646744817
0.769230769230769
0.248792157778037
0.252606712284132
0.769050368415265
0.574834729883363
0.153577523159434
0.578362978362978
0.742520138089758
0.389542036910458
0.162697963800905
0.769035532994924
0.579596913392223
0.578082191780822
0.581333333333333
0.769050368415265
0.162697963800905
0.769230769230769
0.572538860103627
0.571428571428571
0.575916230366492
0.162162162162162
0.576826196473552
0.577289531423762
0.252606712284132
0.76833342386876
0.252606712284132
0.252879712557132
0.162697963800905
0.769035532994924
0.732364206653195
0.769230769230769
0.577289531423762
0.769230769230769
0.154367646744817
0.769230769230769
0.580964622352797
0.76914194350684
0.579948453608247
0.575063613231552
0.255517431728885
0.252606712284132
0.153577523159434
0.570291777188329
0.580964622352797
0.732758019444741
0.695650309405675
0.572528972036546
0.567567567567568
0.769230769230769
0.252606712284132
0.252606712284132
0.769230769230769
0.162697963800905
0.255517431728885
0.574834729883363
0.762377514974658
0.153577523159434
0.769230769230769
0.56198347107438
0.153577523159434
0.572528972036546
0.154367646744817
0.153577523159434
0.252606712284132
0.397058823529412
0.572528972036546
0.252606712284132
0.578362978362978
0.45221787345075
0.575916230366492
0.7
0.572528972036546
0.572528972036546
0.578362978362978
0.162162162162162
0.153577523159434
0.161763926900327
0.162697963800905
0.162697963800905
0.255517431728885
0.572528972036546
0.769230769230769
0.154367646744817
0.769230769230769
0.252606712284132
0.252606712284132
0.252606712284132
0.713123033614837
0.579618227400855
0.768420103861167
0.252606712284132
0.252606712284132
0.756152617959588
0.252606712284132
0.5675
0.154367646744817
0.154367646744817
0.563121800444316
0.252606712284132
0.252606712284132
0.769230769230769
0.252606712284132
0.762377514974658
0.572528972036546
0.572528972036546
0.252606712284132
0.252606712284132
0.157894736842105
0.572538860103627
0.581333333333333
0.769050368415265
0.252606712284132
0.162697963800905
0.769230769230769
0.254553097764305
0.577066808031624
0.206622879036672
0.252606712284132
0.154367646744817
0.56811966767259
0.252606712284132
0.769041576021271
0.154367646744817
0.154367646744817
0.154367646744817
0.769230769230769
0.252606712284132
0.575063613231552
0.575063613231552
0.769230769230769
0.252606712284132
0.573529411764706
0.154367646744817
0.769230769230769
0.580555555555555
0.755716476698386
0.157115489874111
0.154367646744817
0.578362978362978
0.577289531423762
0.74333394653236
0.154367646744817
0.769230769230769
0.153577523159434
0.252606712284132
0.154367646744817
0.154367646744817
0.769050368415265
0.742520138089758
0.575063613231552
0.769050368415265
0.162162162162162
0.252606712284132
0.389927146024707
0.162697963800905
0.162697963800905
0.252606712284132
0.252606712284132
0.154367646744817
0.572528972036546
0.254553097764305
0.252606712284132
0.252879712557132
0.572538860103627
0.170373838380269
0.769230769230769
0.162697963800905
0.572528972036546
0.574219468809422
0.769230769230769
0.769230769230769
0.575063613231552
0.732364206653195
0.162697963800905
0.711278586278586
0.162697963800905
0.574772708823768
0.732758019444741
0.253117905016639
0.572528972036546
0.252606712284132
0.153577523159434
0.153577523159434
0.252606712284132
0.153577523159434
0.564815852121552
0.576826196473552
0.252606712284132
0.252606712284132
0.572528972036546
0.254553097764305
0.170373838380269
0.577289531423762
0.76914194350684
0.252606712284132
0.574772708823768
0.579948453608247
0.154367646744817
0.252606712284132
0.157115489874111
0.76914194350684
0.254553097764305
0.769035532994924
0.578362978362978
0.252879712557132
0.577289531423762
0.153577523159434
0.769230769230769
0.573171239683191
0.154367646744817
0.769035532994924
0.565217391304348
0.448717948717949
0.206622879036672
0.572528972036546
0.574772708823768
0.568733153638814
0.254553097764305
0.154367646744817
0.252606712284132
0.572528972036546
0.252606712284132
0.252606712284132
0.252606712284132
0.769035532994924
0.206622879036672
0.252606712284132
0.252606712284132
0.732758019444741
0.56198347107438
0.577289531423762
0.153577523159434
0.252606712284132
0.154367646744817
0.768420103861167
0.252606712284132
0.157115489874111
0.578362978362978
0.170373838380269
0.7125
0.153577523159434
0.253117905016639
0.769230769230769
0.572528972036546
0.252606712284132
0.567901234567901
0.713123033614837
0.769050368415265
0.569337606837607
0.162697963800905
0.578362978362978
0.153577523159434
0.580964622352797
0.769230769230769
0.252606712284132
0.769230769230769
0.252606712284132
0.252606712284132
0.154367646744817
0.157894736842105
0.769050368415265
0.575063613231552
0.5702810237293
0.154367646744817
0.154367646744817
0.577289531423762
0.170373838380269
0.252606712284132
0.572528972036546
0.170373838380269
0.769230769230769
0.572528972036546
0.711278586278586
0.577289531423762
0.733196440793977
0.154367646744817
0.575063613231552
0.565166835187058
0.575063613231552
0.769230769230769
0.762377514974658
0.252606712284132
0.572538860103627
0.252606712284132
0.769230769230769
0.24468085106383
0.769035532994924
0.575596816976127
0.162697963800905
0.170373838380269
0.578362978362978
0.732758019444741
0.581457154121258
0.769230769230769
0.252606712284132
0.572528972036546
0.252606712284132
0.572528972036546
0.154367646744817
0.252606712284132
0.769230769230769
0.255684754521964
0.307692307692308
0.153577523159434
0.253117905016639
0.577289531423762
0.254553097764305
0.252606712284132
0.153577523159434
0.162162162162162
0.732243808571242
0.154367646744817
0.566265060240964
0.252606712284132
0.577289531423762
0.253117905016639
0.732758019444741
0.253117905016639
0.769230769230769
0.579948453608247
0.252606712284132
0.313725490196078
0.252606712284132
0.572538860103627
0.577289531423762
0.157894736842105
0.577289531423762
0.252606712284132
0.252606712284132
0.157894736842105
0.762185279909065
0.769230769230769
0.768171976492422
0.577289531423762
0.154367646744817
0.580964622352797
0.252879712557132
0.769230769230769
0.572528972036546
0.56998727735369
0.162697963800905
0.578362978362978
0.577289531423762
0.154367646744817
0.769230769230769
0.579948453608247
0.253117905016639
0.756213290208102
0.154367646744817
0.252606712284132
0.732243808571242
0.572538860103627
0.5675
0.252606712284132
0.572538860103627
0.252606712284132
0.74333394653236
0.154367646744817
0.743243126423666
0.572528972036546
0.20736224028907
0.769230769230769
0.576826196473552
0.252606712284132
0.570291777188329
0.576826196473552
0.30188679245283
0.252606712284132
0.307692307692308
0.575063613231552
0.162162162162162
0.577289531423762
0.170373838380269
0.695652173913043
0.252606712284132
0.252606712284132
0.733398184176394
0.716666666666667
0.572528972036546
0.252606712284132
0.769230769230769
0.252606712284132
0.577289531423762
0.577289531423762
0.252606712284132
0.170373838380269
0.742520138089758
0.194489976043374
0.580964622352797
0.769230769230769
0.572528972036546
0.252606712284132
0.572528972036546
0.252606712284132
0.572538860103627
0.162162162162162
0.568123393316195
0.366431924882629
0.252606712284132
0.253117905016639
0.769230769230769
0.252606712284132
0.769230769230769
0.575063613231552
0.252606712284132
0.572528972036546
0.579978529253891
0.162162162162162
0.162697963800905
0.769050368415265
0.572528972036546
0.577540106951872
0.157894736842105
0.252606712284132
0.581333333333333
0.370578443612151
0.769230769230769
0.578362978362978
0.162162162162162
0.154367646744817
0.769230769230769
0.154367646744817
0.252606712284132
0.769041576021271
0.2546794454732
0.577289531423762
0.157894736842105
0.255517431728885
0.575958115183246
0.743243126423666
0.581333333333333
0.252606712284132
0.769230769230769
0.578082191780822
0.572528972036546
0.769230769230769
0.769230769230769
0.252879712557132
0.769041576021271
0.252606712284132
0.769230769230769
0.154367646744817
0.579948453608247
0.581333333333333
0.769041576021271
0.715988165680473
0.743420546363986
0.733398184176394
0.253117905016639
0.252606712284132
0.252606712284132
0.565592578731341
0.154367646744817
0.769230769230769
0.567567567567568
0.305555555555556
0.572538860103627
0.572528972036546
0.30188679245283
0.154367646744817
0.253117905016639
0.153577523159434
0.162697963800905
0.579948453608247
0.428571428571428
0.154367646744817
0.575305641478863
0.154367646744817
0.253117905016639
0.170373838380269
0.252606712284132
0.252879712557132
0.2546794454732
0.576826196473552
0.695520794826319
0.755531081742535
0.162697963800905
0.157115489874111
0.742157659180471
0.572528972036546
0.572528972036546
0.732106339468303
0.769230769230769
0.420753588516746
0.580964622352797
0.154367646744817
0.769050368415265
0.252606712284132
0.737250303593465
0.154367646744817
0.769041576021271
0.699680170575693
0.153577523159434
0.252606712284132
0.154367646744817
0.157894736842105
0.153577523159434
0.162697963800905
0.154367646744817
0.769230769230769
0.76833342386876
0.769230769230769
0.578082191780822
0.572528972036546
0.742520138089758
0.154367646744817
0.154367646744817
0.57739218818063
0.572538860103627
0.154367646744817
0.193861572189164
0.154367646744817
0.157115489874111
0.769050368415265
0.732758019444741
0.252606712284132
0.769050368415265
0.252606712284132
0.162697963800905
0.578082191780822
0.585365853658537
0.252606712284132
0.769230769230769
0.252606712284132
0.252606712284132
0.769035532994924
0.252606712284132
0.566265060240964
0.252606712284132
0.762377514974658
0.769035532994924
0.576625094482237
0.162162162162162
0.572528972036546
0.574772708823768
0.252606712284132
0.735173678569036
0.7125
0.58081499930815
0.154367646744817
0.577066808031624
0.153577523159434
0.742157659180471
0.154367646744817
0.572528972036546
0.572538860103627
0.254553097764305
0.252879712557132
0.256903843043006
0.252606712284132
0.755482561606679
0.575063613231552
0.162697963800905
0.578125
0.370578443612151
0.572528972036546
0.756046171570365
0.769050368415265
0.74300628638752
0.153577523159434
0.734443568773875
0.742520138089758
0.252606712284132
0.572528972036546
0.252606712284132
0.578082191780822
0.572528972036546
0.577540106951872
0.252606712284132
0.310485133020344
0.742520138089758
0.577289531423762
0.153577523159434
0.711278586278586
0.157894736842105
0.252606712284132
0.574522488013342
0.581333333333333
0.742520138089758
0.578362978362978
0.577289531423762
0.448717948717949
0.252606712284132
0.56786703601108
0.56743762993763
0.577066808031624
0.153577523159434
0.154367646744817
0.154367646744817
0.252606712284132
0.252606712284132
0.252606712284132
0.769230769230769
0.154367646744817
0.578362978362978
0.154367646744817
0.578082191780822
0.252606712284132
0.762544964028777
0.580964622352797
0.154367646744817
0.561712846347607
0.762324011571842
0.575063613231552
0.252606712284132
0.769230769230769
0.768460371777034
0.154367646744817
0.734061084659157
0.572538860103627
0.578362978362978
0.575063613231552
0.769230769230769
0.157115489874111
0.162697963800905
0.154367646744817
0.252606712284132
0.732758019444741
0.769035532994924
0.154367646744817
0.74333394653236
0.564231738035264
0.154367646744817
0.252606712284132
0.578188031107476
0.742520138089758
0.769035532994924
0.5003500350035
0.572528972036546
0.157894736842105
0.762142129963003
0.154367646744817
0.154367646744817
0.162162162162162
0.769230769230769
0.170373838380269
0.252606712284132
0.572528972036546
0.581333333333333
0.206622879036672
0.578362978362978
0.743420546363986
0.578362978362978
0.153577523159434
0.769050368415265
0.732758019444741
0.734061084659157
0.577289531423762
0.769230769230769
0.713232323232323
0.153577523159434
0.572528972036546
0.162697963800905
0.579948453608247
0.578362978362978
0.154367646744817
0.162697963800905
0.252606712284132
0.712993020613537
0.769230769230769
0.306451612903226
0.153577523159434
0.153577523159434
0.578362978362978
0.455918276704419
0.154367646744817
0.577289531423762
0.252606712284132
0.579618227400855
0.57739218818063
0.575063613231552
0.252879712557132
0.769230769230769
0.572559366754617
0.769230769230769
0.572528972036546
0.153577523159434
0.769230769230769
0.252606712284132
0.572528972036546
0.154367646744817
0.157894736842105
0.578362978362978
0.732758019444741
0.253117905016639
0.154367646744817
0.153577523159434
0.578082191780822
0.563380281690141
0.732758019444741
0.769230769230769
0.577289531423762
0.252606712284132
0.157115489874111
0.153577523159434
0.157894736842105
0.153577523159434
0.161153635866594
0.567734401067734
0.574772708823768
0.170373838380269
0.575063613231552
0.576826196473552
0.566265060240964
0.153577523159434
0.7125
0.252879712557132
0.445945945945946
0.734061084659157
0.154367646744817
0.572538860103627
0.252606712284132
0.769050368415265
0.252606712284132
0.76914194350684
0.74300628638752
0.577289531423762
0.206622879036672
0.252606712284132
0.577289531423762
0.154367646744817
0.154367646744817
0.572528972036546
0.154367646744817
0.572528972036546
0.154367646744817
0.741677323103154
0.578362978362978
0.756152617959588
0.154367646744817
0.252606712284132
0.769230769230769
0.252606712284132
0.575063613231552
0.577289531423762
0.566969721568309
0.252606712284132
0.732243808571242
0.7625
0.732106339468303
0.252606712284132
0.252606712284132
0.162162162162162
0.577289531423762
0.252879712557132
0.252879712557132
0.154367646744817
0.253117905016639
0.54320987654321
0.252606712284132
0.76914194350684
0.572528972036546
0.162162162162162
0.157894736842105
0.710208212839792
0.578362978362978
0.154367646744817
0.252606712284132
0.252606712284132
0.580964622352797
0.154367646744817
0.157894736842105
0.162162162162162
0.572538860103627
0.157894736842105
0.154367646744817
0.563380281690141
0.153577523159434
0.253117905016639
0.252606712284132
0.154367646744817
0.153577523159434
0.574772708823768
0.578362978362978
0.153577523159434
0.769230769230769
0.153577523159434
0.252606712284132
0.559742866701716
0.769050368415265
0.252606712284132
0.162697963800905
0.572528972036546
0.570693849489661
0.734443568773875
0.769230769230769
0.576826196473552
0.55
0.74333394653236
0.578362978362978
0.769035532994924
0.769230769230769
0.584515484515485
0.244791666666667
0.157894736842105
0.310485133020344
0.579618227400855
0.157894736842105
0.252606712284132
0.253117905016639
0.188667889487562
0.561881188118812
0.252879712557132
0.576826196473552
