0.862
0.558
0.416
0.018
0.53
0.408
0.498
0.498
0.36
0.208
0.11
0.452
0.8
0.644
0.482
0.302
0.78
0.17
0.4
0.262
0.76
0.66
0.15
0.276
0.456
0.42
0.422
0.264
0.148
0.232
0.394
0.648
0.724
0.196
0.376
0.49
0.448
0.556
0.346
0.506
0.18
0.842
0.142
0.764
0.802
0.674
0.372
0.016
0.08
0.206
0.184
0.422
0.446
0.198
0.402
0.004
0.914
0.398
0.708
0.19
0.716
0.146
0.596
0.548
0.298
0.47
0.146
0.234
0.258
0.118
0.062
0.044
0.57
0.358
0.636
0.682
0.346
0.106
0.676
0.73
0.198
0.472
0.294
0.522
0.758
0.068
0.818
0.016
0.364
0.148
0.32
0.51
0.11
0.474
0.8
0.234
0.45
0.156
0.444
0.75
0.316
0.758
0.51
0.398
0.372
0.626
0.226
0.72
0.576
0.668
0.638
0.206
0.48
0.248
0.526
0.328
0.648
0.754
0.576
0.474
0.638
0.646
0.902
0.026
0.31
0.254
0.762
0.318
0.198
0.422
0.188
0.426
0.038
0.518
0.734
0.526
0.134
0.808
0.27
0.132
0.184
0.336
0.19
0.608
0.124
0.294
0.766
0.234
0.356
0.292
0.51
0.136
0.176
0.35
0.818
0.144
0.252
0.04
0.022
0.42
0.356
0.186
0.494
0.846
0.06
0.138
0.796
0.02
0.46
0.758
0.154
0.576
0.072
0.246
0.716
0.014
0.44
0.156
0.304
0.334
0.136
0.076
0.076
0.442
0.442
0.716
0.274
0.372
0.26
0.154
0.218
0.232
0.188
0.072
0.132
0.11
0.78
0.178
0.222
0.862
0.346
0.024
0.66
0.52
0.29
0.2
0.808
0.566
0.412
0.676
0.846
0.2
0.784
0.408
0.326
0.452
0.486
0.52
0.544
0.098
0.766
0.2
0.234
0.272
0.702
0.49
0.716
0.452
0.682
0.084
0.884
0.444
0.776
0.462
0.388
0.432
0.416
0.06
0.282
0.41
0.352
0.262
0.42
0.516
0.6
0.142
0.18
0.752
0.416
0.354
0.446
0.476
0.014
0.784
0.494
0.012
0.786
0.214
0.018
0.206
0.398
0.65
0.13
0.518
0.668
0.366
0.442
0.628
0.372
0.47
0.348
0.15
0.182
0.136
0.418
0.41
0.646
0.602
0.076
0.758
0.218
0.19
0.17
0.708
0.736
0.872
0.144
0.192
0.37
0.168
0.66
0.106
0.106
0.598
0.098
0.424
0.574
0.098
0.692
0.344
0.42
0.41
0.17
0.07
0.524
0.504
0.792
0.14
0.19
0.826
0.64
0.618
0.646
0.07
0.124
0.534
0.146
0.594
0.25
0.124
0.12
0.758
0.156
0.528
0.608
0.882
0.222
0.424
0.27
0.748
0.488
0.788
0.16
0.06
0.49
0.632
0.578
0.086
0.702
0.018
0.446
0.142
0.114
0.766
0.518
0.268
0.78
0.372
0.13
0.224
0.398
0.572
0.204
0.174
0.132
0.372
0.628
0.18
0.148
0.528
0.112
0.852
0.19
0.456
0.49
0.682
0.68
0.508
0.43
0.192
0.442
0.634
0.664
0.496
0.216
0.638
0.2
0.024
0.02
0.124
0.004
0.302
0.404
0.214
0.194
0.442
0.556
0.082
0.404
0.818
0.144
0.494
0.518
0.178
0.15
0.084
0.708
0.436
0.772
0.512
0.216
0.348
0.242
0.75
0.356
0.064
0.852
0.428
0.386
0.266
0.372
0.346
0.57
0.486
0.088
0.146
0.518
0.13
0.18
0.216
0.754
0.268
0.292
0.144
0.46
0.276
0.246
0.026
0.168
0.092
0.654
0.216
0.076
0.702
0.118
0.46
0.026
0.148
0.642
0.372
0.178
0.32
0.73
0.838
0.46
0.182
0.394
0.016
0.514
0.832
0.2
0.78
0.252
0.216
0.182
0.04
0.74
0.426
0.372
0.202
0.084
0.454
0.276
0.132
0.344
0.082
0.738
0.686
0.638
0.778
0.342
0.08
0.72
0.264
0.528
0.774
0.62
0.222
0.442
0.124
0.68
0.104
0.904
0.456
0.382
0.242
0.57
0.472
0.666
0.822
0.126
0.646
0.16
0.686
0.084
0.17
0.87
0.404
0.354
0.008
0.226
0.692
0.472
0.19
0.002
0.348
0.458
0.318
0.522
0.154
0.718
0.248
0.45
0.102
0.726
0.444
0.12
0.352
0.216
0.544
0.616
0.23
0.556
0.216
0.124
0.05
0.652
0.856
0.656
0.528
0.326
0.54
0.14
0.65
0.518
0.408
0.16
0.558
0.472
0.092
0.916
0.444
0.226
0.542
0.218
0.168
0.294
0.372
0.388
0.148
0.526
0.18
0.522
0.07
0.572
0.556
0.37
0.86
0.332
0.22
0.372
0.444
0.136
0.178
0.286
0.2
0.262
0.66
0.132
0.376
0.232
0.232
0.462
0.356
0.572
0.304
0.722
0.114
0.404
0.472
0.124
0.106
0.446
0.462
0.444
0.826
0.442
0.19
0.496
0.338
0.65
0.224
0.452
0.236
0.114
0.22
0.786
0.17
0.778
0.536
0.126
0.676
0.282
0.442
0.384
0.772
0.456
0.356
0.07
0.276
0.508
0.152
0.838
0.608
0.252
0.234
0.44
0.07
0.294
0.626
0.482
0.354
0.068
0.266
0.616
0.522
0.69
0.222
0.706
0.604
0.622
0.824
0.716
0.136
0.666
0.244
0.748
0.092
0.422
0.69
0.754
0.504
0.522
0.482
0.44
0.146
0.134
0.586
0.178
0.812
0.456
0.498
0.43
0.526
0.152
0.15
0.136
0.026
0.182
0.566
0.382
0.088
0.644
0.504
0.26
0.286
0.136
0.206
0.706
0.682
0.444
0.59
0.49
0.126
0.692
0.372
0.496
0.294
0.706
0.322
0.768
0.368
0.784
0.36
0.662
0.084
0.73
0.332
0.132
0.278
0.07
0.08
0.014
0.442
0.118
0.728
0.65
0.698
0.416
0.42
0.56
0.104
0.116
0.506
0.502
0.076
0.202
0.114
0.05
0.816
0.402
0.1
0.76
0.222
0.178
0.602
0.442
0.174
0.816
0.292
0.124
0.682
0.266
0.42
0.222
0.516
0.5
0.596
0.314
0.804
0.358
0.162
0.366
0.454
0.616
0.144
0.676
0.018
0.672
0.066
0.556
0.63
0.578
0.234
0.694
0.18
0.572
0.5
0.408
0.562
0.192
0.526
0.45
0.766
0.46
0.15
0.438
0.71
0.158
0.456
0.182
0.49
0.73
0.686
0.232
0.302
0.41
0.354
0.002
0.396
0.082
0.168
0.346
0.508
0.488
0.492
0.546
0.326
0.19
0.668
0.486
0.444
0
0.088
0.092
0.184
0.156
0.188
0.78
0.252
0.426
0.078
0.368
0.336
0.692
0.686
0.074
0.348
0.432
0.592
0.17
0.758
0.758
0.106
0.522
0.456
0.47
0.584
0.718
0.084
0.228
0.314
0.088
0.44
0.91
0.274
0.434
0.218
0.086
0.506
0.554
0.646
0.696
0.432
0.796
0.052
0.54
0.084
0.27
0.194
0.576
0.256
0.156
0.73
0.73
0.146
0.536
0.626
0.49
0.12
0.88
0.384
0.38
0.404
0.754
0.406
0.148
0.424
0.434
0.658
0.49
0.104
0.52
0.23
0.356
0.814
0.338
0.13
0.026
0.572
0.312
0.362
0.472
0.072
0.768
0.508
0.426
0.2
0.756
0.428
0.798
0.666
0.128
0.646
0.216
0.7
0.07
0.244
0.66
0.402
0.136
0.306
0.016
0.39
0.44
0.402
0.8
0.452
0.29
0.08
0.114
0.304
0.002
0.182
0.342
0.564
0.262
0.492
0.448
0.552
0.146
0.35
0.2
0.49
0.466
0.11
0.456
0.18
0.718
0.186
0.884
0.476
0.472
0.248
0.342
0.528
0.064
0.092
0.456
0.268
0.42
0.08
0.508
0.47
0.314
0.21
0.094
0.856
0.338
0.53
0.556
0.288
0.174
0.402
0.694
0.3
0.11
0.142
0.568
0.71
0.414
0.198
0.094
0.168
0.386
0.386
0.82
0.434
0.524
0.058
0.338
0.58
0.232
0.124
0.208
0.508
0.094
0.076
0.26
0.688
0.082
0.408
0.342
0.034
0.586
0.2
0.314
0.132
0.5
0.396
0.012
0.87
0.01
0.188
0.454
0.802
0.184
0.462
0.372
0.332
0.542
0.67
0.608
0.37
0.566
0.33
0.854
0.514
0.532
0.092
0.072
0.248
0.748
0.07
0.184
0.182
0.24
0.43
0.14
0.342
