0.995
0.5325
0.7675
0
0.728
0.727
0.658
0.925
0.9345
0.092
0
0.03
0.8685
0.679
0.7705
0.058
0.8115
0
0.5415
0.0965
0.9975
0.757
0.0015
0.206
0.52
0.567
0.056
0
0
0.003
0.0245
0.8575
0.6245
0.002
0.0025
0.9105
0.873
0.5845
0.001
0.6315
0.0015
0.999
0
0.999
1
0.504
0.5765
0
0.002
0
0.0055
0.52
0.2325
0.012
0.727
0
1
0.581
0.9995
0
0.9995
5e-04
0.873
0.997
0.008
0.589
0
0.017
0.004
0.002
0.008
5e-04
0.8115
0.0895
0.975
0.8795
0.685
0.0495
0.715
0.884
0.004
0.8775
0
0.869
0.9995
5e-04
0.9775
0
0.9095
0.529
0.5805
0.1365
0
0.892
1
0
5e-04
0.0045
0.9335
0.6065
0.495
0.9995
0.933
0.499
0.098
0.772
0.0045
0.964
0.758
0.9335
0.5625
0.0045
0.0015
0
0.503
0.0445
0.9995
0.997
0.924
0.7655
0.9995
0.8485
0.9975
0
0.85
0.0135
0.681
0.5175
0.001
0.6675
0
0.537
0
0.6245
0.864
0.532
0
0.999
0.0415
0.3995
0
0.0015
0.0025
0.841
5e-04
0.723
0.91
0.2605
0.005
0.0225
0.263
0
0.001
0.516
1
0
0.5555
0
0
0.8345
0.08
5e-04
0.6025
0.9985
0
0
0.9995
0
0.703
1
5e-04
0.9385
5e-04
0.015
0.999
0
0.933
0.012
0.4715
0.0205
0.006
0
5e-04
0.787
0.932
1
0.1655
0.659
0
0.0055
0.263
5e-04
0.1075
0.0045
0.03
0.0105
0.9975
0.0015
0.0025
1
0.878
0
0.689
0.7585
0.1525
0.0395
1
0.7025
0.9315
0.914
0.9995
0.034
1
0.503
0.4705
0.817
0.1045
0.7675
0.5725
0.001
0.978
0.003
0
0.038
0.9975
0.737
1
0.6215
1
0.004
1
0.9105
1
0.9425
0.81
0.0575
0.001
0.0025
0.627
0.9535
0.725
0.524
0.5835
0.4725
0.9975
5e-04
0.0025
1
0.0795
0.056
0.909
0.836
0.0015
0.9965
0.663
0.0015
0.8785
0.0185
0
0
0.199
0.503
0.003
0.7575
0.551
0.6315
0.492
0.687
0.4995
0.9455
0.1095
0
0.0845
0.0485
0.0335
0.056
0.503
0.9965
0
0.997
0
0
0.0055
0.6335
0.771
0.978
0
0.003
0.8625
5e-04
0.849
0
0
0.531
0.0015
0.0035
0.9995
5e-04
0.852
0.755
0.594
0.0135
5e-04
5e-04
0.785
0.781
1
0
0.0295
0.999
0.0135
0.5955
0.3085
0.0015
0
0.6985
5e-04
0.999
0.004
0.004
0.005
0.997
0
0.5775
0.865
0.9995
0
0.562
0.005
0.9995
0.908
0.847
0
0
0.6545
0.747
0.8105
0
0.997
0
0.0015
0.013
0.005
0.9995
0.7605
0.5695
0.9975
0.1335
0
0.184
0.034
0.0855
0.006
0
0
0.5855
0.014
0
0
0.589
0
0.997
0.0515
0.6015
0.626
1
1
0.627
0.769
0.034
0.6735
0.062
0.9285
0.754
5e-04
0.866
5e-04
0
0
0.016
0
0.704
0.606
0.006
5e-04
0.841
0.0135
0
0.5885
0.996
0
0.7215
0.929
0.013
0
0
1
0.0155
1
0.892
0.002
0.6125
0
0.997
0.9665
0
1
0.877
0.497
0.259
0.5665
0.5625
0.9155
0.0135
0
0
0.571
0
0.0015
5e-04
0.9975
0.261
0.003
0.0015
0.701
0.4895
0.5785
0
0
0
0.978
0.001
0
0.753
5e-04
0.6585
0
0.0125
1
0.5885
5e-04
0.502
0.705
0.9965
0.528
0.0305
0.848
0
0.7635
1
5e-04
0.9995
0.001
0
0.019
5e-04
0.9965
0.892
0.952
0.0065
0
0.8535
0.008
0.0015
0.6895
0.002
0.9995
0.6235
0.6325
0.8635
0.8105
0
0.922
0.538
0.8675
0.9995
0.865
0
0.8905
0
0.9995
0.0055
0.9995
0.6495
0.0315
0
0.9315
0.754
0.934
1
0.0015
0.753
0.004
0.777
0
5e-04
0.9995
0.0575
0.1935
0.0015
0.0045
0.9355
0.015
0
0.0015
0.0935
0.724
0.012
0.471
0
0.914
0.001
0.723
0
0.998
0.662
0
0.1635
0
0.6515
0.748
0.0075
0.5775
0
0
5e-04
0.8485
1
0.9735
0.869
0
0.7605
0
0.9975
0.5275
0.5335
0.029
0.8675
0.586
0
0.9995
0.764
0
0.877
0.018
0.001
0.776
0.5695
0.8665
0.002
0.575
0.012
0.8105
0.004
0.761
0.6735
0.2535
0.9995
0.503
5e-04
0.5055
0.912
0.153
5e-04
0.165
0.7475
0.0945
0.788
0
0.524
0
0
0.8075
0.5095
0.571
0.002
1
0.0015
0.7425
0.759
0.0045
0
0.758
0.259
0.7835
0.998
0.577
5e-04
0.666
0
0.569
0.1005
0.5895
0.366
0
0.0015
0.9995
0.0055
0.9995
0.617
0.0055
0.8755
0.554
0.107
0.043
0.997
0.91
0.628
5e-04
5e-04
0.8435
0.4005
0.9975
0.951
0.109
0
1
0
0.0015
0.9995
0.0185
0.79
5e-04
0.056
0.9315
0.7325
0.8215
0
0.999
0.759
0.89
0.9995
1
0
0.9995
0.001
0.9995
0
0.911
0.7815
0.999
0.6745
0.811
0.753
0
0.0125
0.001
0.826
0
0.9995
0.5015
0.1755
0.8105
0.59
0.1675
0
0
0
0.034
0.757
0.5255
0.009
0.73
0.0205
5e-04
0.0085
5e-04
0.0015
0.0145
0.939
0.5535
0.835
0.069
5e-04
0.7725
0.7675
0.627
0.7255
0.9995
0.488
0.935
0.0065
1
0.0015
0.7485
0
1
0.5075
0
0.006
5e-04
5e-04
0
0.0595
0.0065
0.9995
0.978
0.9995
0.705
0.5775
0.7795
0
0.007
0.552
0.589
0
0.274
0
0
0.9975
0.7275
0
0.9965
0.015
0.028
0.7545
0.4125
0
1
0.001
0.003
0.9975
0
0.4685
0
0.837
0.9965
0.7915
0.0915
0.873
0.909
0.004
0.746
0.6585
0.7135
0.006
0.773
0
0.7295
0
0.649
0.777
0.0165
0
0.0705
0.0045
0.845
0.8585
0.0345
0.853
0.4045
0.7625
0.861
1
0.815
0.002
0.74
0.745
0
0.5395
0.001
0.821
0.584
0.69
0
0.1585
0.7795
0.789
0
0.649
5e-04
0
0.66
0.702
0.7305
0.764
0.788
0.514
0.002
0.583
0.5005
0.8525
0
0
0
0.0045
0
0.012
1
0.002
0.787
0
0.9525
0.0025
0.8435
0.9315
0.002
0.5625
0.862
0.503
0
1
0.9735
0
0.7635
0.627
0.897
0.871
1
0
0.029
0.018
0
0.77
0.997
0.0085
0.7685
0.66
0.002
0.0045
0.6805
0.7705
0.998
0.5005
0.877
0.001
0.8595
0
0.008
0.095
0.9975
0
0
0.8915
0.7885
0.2085
0.7655
0.7905
0.83
0
0.9995
0.723
0.785
0.6715
1
0.6585
0
0.875
0.0515
0.8775
0.9535
0
0.034
0.0125
0.63
0.999
0.1865
0.002
0
0.838
0.489
0.002
0.5625
0
0.7475
0.5205
0.789
0.001
1
0.9235
1
0.876
0
1
0
0.573
0
5e-04
0.935
0.7225
0
0
0
0.7905
0.4725
0.7995
0.998
0.875
0.0015
0
0
5e-04
0
0.0465
0.515
0.569
0
0.4995
0.7675
0.495
0
0.6915
0
0.528
0.788
0.005
0.604
0
0.999
0.001
0.9995
0.812
0.794
0.3055
5e-04
0.639
0
0
0.577
0.002
0.7525
0.003
0.8015
0.757
0.8625
0.004
5e-04
0.997
0.0045
0.621
0.61
0.502
0
0.725
0.861
0.7955
0.004
5e-04
0.152
0.754
0.0025
0.0015
0.008
0.003
0.546
0.001
0.9995
0.8915
0.139
5e-04
0.677
0.975
0
0.001
5e-04
0.8635
0
0.0015
0.1395
0.865
5e-04
0.006
0.485
0
0.001
0.0015
0.0205
0
0.7575
0.849
5e-04
1
0
0
0.674
1
0.012
0.0505
0.615
0.936
0.8105
0.9995
0.503
0.4955
0.747
0.654
0.9975
0.9995
0.5645
0.0065
5e-04
0.161
0.7865
5e-04
0.013
0.001
0.2115
0.425
0.001
0.9205
