0.552421277740976
0.499605457147649
0.483588319654583
0.351130653234902
0.483737786508995
0.455778894157807
0.458671242609757
0.489031922455025
0.469823200217646
0.421643788606497
0.39225671679737
0.472040661500505
0.540907561104441
0.47616019675131
0.476094191407906
0.432756968536562
0.484421373128029
0.415815059422055
0.487485396450905
0.444809113764792
0.533925772381107
0.492366254043353
0.423837351146808
0.452764225942891
0.499141612723294
0.466426519392401
0.436530149353186
0.372390226906541
0.404433320995447
0.433898603173112
0.438730457630053
0.50374674285611
0.528676094693324
0.416489884239005
0.442781902596225
0.481136074604462
0.477968202716713
0.469305250237096
0.445648133754035
0.470976056159707
0.431933541866391
0.588516405779336
0.425013517308521
0.528289136137794
0.607673773058443
0.589041263832149
0.465429390636329
0.346792061331979
0.423801293015636
0.421781399781809
0.431852735279149
0.458665242009459
0.462630798189819
0.454405364537142
0.451688211798547
0.337745992142859
0.649643766579096
0.479009090083117
0.506670907755845
0.431868835135776
0.520205161695602
0.42810465723517
0.526759094831578
0.488593759898274
0.438337335996477
0.455621626776953
0.409322071446329
0.405305660431049
0.411989054812346
0.38713003455846
0.418313023168778
0.380581029209233
0.474222319086069
0.45182385677468
0.512605653955026
0.502347467656615
0.476333612186034
0.412208644566623
0.521447152500141
0.506955533326436
0.454405364537142
0.477387780857552
0.422322908482991
0.501292697325329
0.5401272186243
0.37388401978485
0.627607494031305
0.337120154241505
0.453570431934053
0.376711884725595
0.458612119549616
0.45557382550748
0.408850763067793
0.4692664067411
0.549036376529234
0.437796467404453
0.460349063480744
0.421719313530293
0.490795753073741
0.523027974206556
0.448466485084529
0.5401272186243
0.510366803327609
0.462126645328465
0.45820631006651
0.478191375934971
0.43419242970501
0.503564099617655
0.456243384670973
0.526333865947279
0.520853869387986
0.413686194158167
0.465771200379629
0.391399207712671
0.473247991946095
0.436091269442602
0.563895294153124
0.548902043619997
0.519886885116288
0.455610355553076
0.493642864979579
0.550874973561325
0.602738488189048
0.330072184135951
0.452429714454496
0.440630635852723
0.531339956682539
0.471860396840716
0.421904111932656
0.495878711485977
0.422702497926265
0.47934942401504
0.361145378073937
0.464841517683071
0.51891878140438
0.473247991946095
0.418749196447242
0.535781926470717
0.428609475934505
0.379816713150666
0.431852735279149
0.44289683479377
0.427965518377526
0.521515566007848
0.422180372766398
0.442422815952257
0.547595418757035
0.442416854340966
0.410660478473496
0.433980186681918
0.486336726167457
0.406777557334564
0.404857635493223
0.439931636513236
0.574093186334054
0.421487671131596
0.423672580443566
0.370137610351281
0.339077324826048
0.466426519392401
0.437338141903728
0.427334938435984
0.464505849666628
0.607236373192913
0.395865346665511
0.34239203068129
0.619826376075825
0.351226536151889
0.461175264770938
0.517760349801664
0.437192905935701
0.490142680392578
0.397750997341255
0.407411006487695
0.51272935865034
0.342810893475874
0.464921989890699
0.41525449683294
0.411604547239186
0.454968535753365
0.416036377245204
0.408407023500511
0.354140082918474
0.467875144508951
0.467378730180509
0.595857060034982
0.370287245790733
0.465429390636329
0.390844545826779
0.437192905935701
0.435811052425119
0.426510358685841
0.455140163084111
0.361380884261285
0.436194394762283
0.408850763067793
0.629926452878068
0.389080878957331
0.422345240022307
0.570661046384112
0.48313249379712
0.346729071083183
0.501223909332679
0.490720945045807
0.433247363190153
0.446380339797724
0.581271702693496
0.471401848251653
0.471992937660119
0.521447152500141
0.565836773279781
0.446380339797724
0.574873215254056
0.460897145220641
0.462745826687735
0.47641251235991
0.461616105742483
0.49168452950622
0.483649372120753
0.39717744235788
0.613009028070025
0.413709230719004
0.432278221098048
0.444083680817836
0.50880919513858
0.469464908589038
0.51272935865034
0.502870109711183
0.505181753511644
0.419616438761788
0.610661961804093
0.488748459274032
0.644113933145071
0.497892153231965
0.445958905596286
0.438880312117898
0.4555205180742
0.355082121463414
0.457379753480133
0.489762255186874
0.455346470890123
0.408742379905541
0.466426519392401
0.493242532261375
0.485354310841678
0.425013517308521
0.429644175656561
0.54351786336659
0.46692897041738
0.438529652862782
0.463068716693433
0.459631424279131
0.367791404212525
0.523689619057903
0.469382756550754
0.333307802069571
0.528407124899347
0.423470043798135
0.358539039729549
0.421781399781809
0.393136571258866
0.496514496671179
0.426841174833133
0.478450632281054
0.564755946884916
0.44252784173917
0.438873940524428
0.487513553950229
0.465429390636329
0.478820151232493
0.45051218047914
0.349565133969996
0.442502942069049
0.42573234129052
0.453172308841191
0.434556714958266
0.492138534710775
0.500212167407797
0.408407023500511
0.5401272186243
0.435522258465358
0.431868835135776
0.415815059422055
0.525436723107189
0.479454971079953
0.607330353861647
0.421487671131596
0.400769488429381
0.471098253900151
0.414235174290155
0.536013304142712
0.398709786354433
0.398709786354433
0.521486950815607
0.389690232252953
0.431593278408587
0.509918574099134
0.39717744235788
0.529480062919595
0.459734922809062
0.466426519392401
0.44585269515353
0.421778461634004
0.395678642645529
0.465387173122592
0.494078401997505
0.520756263727938
0.413124904138433
0.424959525920694
0.566159442712769
0.425529178245884
0.517966362683691
0.487854491156321
0.396864500477659
0.401119043747181
0.519411484844781
0.42810465723517
0.529731856523159
0.414370557482953
0.401119043747181
0.429486232328787
0.518787126158377
0.421719313530293
0.494238334654857
0.498808042051997
0.622148289115197
0.438798266401594
0.490979957931697
0.444995571566526
0.573376900125385
0.495580193500722
0.562056590687196
0.382220070033869
0.412018025221398
0.489773089361819
0.513062505675777
0.473772507519907
0.407280682743908
0.50880919513858
0.351130653234902
0.446540905704925
0.410186291005522
0.420818419540706
0.628115742502612
0.480216483498093
0.438320344267025
0.614399828408748
0.440988432346083
0.423329325728746
0.401382273160082
0.451577996051766
0.548221660295895
0.394564157069556
0.424684640767378
0.396261524431868
0.465429390636329
0.446248794239819
0.429644175656561
0.444480469716044
0.460292028880794
0.36706091070062
0.549625185671247
0.424959525920694
0.467410615913327
0.495683444334953
0.556580972504977
0.527481457103808
0.490100044019666
0.465267017418158
0.420412874515422
0.478163928112007
0.513524394365372
0.507097568685014
0.461679566011265
0.426148247419746
0.482321602135464
0.430652127269785
0.341143818529637
0.335443722417441
0.413696080903473
0.339318872070452
0.456798152534399
0.490055874662488
0.434058814289742
0.411548279228245
0.467875144508951
0.430645266857192
0.358957960665992
0.490055874662488
0.549651462306276
0.396670648043766
0.464505849666628
0.503555192587461
0.401077384107404
0.424362573290572
0.409782470802566
0.574974462642338
0.429995687049733
0.526285520842037
0.484819662539967
0.426148247419746
0.483269717475339
0.354424982346149
0.514489808840328
0.482927757857774
0.399303757590313
0.57642397443604
0.480874563515445
0.464846428584634
0.448769117500698
0.465429390636329
0.461862515147836
0.481915011738004
0.420018986167162
0.4001102615403
0.42810465723517
0.464841517683071
0.404198639595163
0.429644175656561
0.425408104806441
0.511694670357345
0.460574142191249
0.44809891170145
0.421487671131596
0.461175264770938
0.429835616739571
0.463901241066638
0.358253826187704
0.426743446281844
0.426791570157058
0.60734394763231
0.435734050075684
0.369339418108078
0.531046782492677
0.371326176164565
0.46955423794577
0.346559287026958
0.444480469716044
0.508215397258291
0.465429390636329
0.409667824622338
0.451287133371082
0.568274872988305
0.53988316992231
0.520628110708897
0.439783399220133
0.469117698760985
0.327235328430429
0.501517779916554
0.522181909747564
0.430652127269785
0.546803794491107
0.40692880662425
0.448490352728619
0.428975427207992
0.346823252189043
0.518615032999427
0.464327770580678
0.464758283011695
0.396288881104158
0.419616438761788
0.483275868975968
0.391072150459466
0.40561008640794
0.459734922809062
0.386483573507345
0.538978748437573
0.4784573163845
0.507410116828469
0.549793724180968
0.449624131149267
0.423801293015636
0.509290856313105
0.465225775905384
0.494238334654857
0.58637477651634
0.523839796083675
0.438798266401594
0.467875144508951
0.427028374482515
0.546373573956597
0.412370253449276
0.611614851556538
0.456152692428152
0.448385216491511
0.384174401186155
0.482830422540323
0.449048578123203
0.512172265725358
0.578825411514998
0.400472827194
0.492138534710775
0.424799470095612
0.499264391022837
0.419616438761788
0.415815059422055
0.568910367186371
0.490161453862323
0.436462995867244
0.322536964841587
0.432895307828424
0.519972874488739
0.447016779323321
0.431868835135776
0.338318210589246
0.45051218047914
0.456340496425406
0.40151857728149
0.516825945415385
0.431098718042164
0.530249676063773
0.43254103943014
0.451755822312671
0.403943615142628
0.519283533027614
0.495441449825455
0.405609343533966
0.431014377310845
0.433543035385287
0.48439334214967
0.542119506465071
0.404587719156652
0.514701075432107
0.448490352728619
0.413696080903473
0.376055721967905
0.486869418525304
0.583913215417383
0.529609081538921
0.478930646211361
0.440759958711633
0.509598653280804
0.437525965048843
0.493740536147214
0.464841517683071
0.475831745626703
0.425038834759337
0.478818944224246
0.49135988711879
0.388308954129118
0.597758916369421
0.495441449825455
0.432895307828424
0.50225452224156
0.429709586498062
0.426743446281844
0.417080749525762
0.465429390636329
0.498926195843252
0.443683959606837
0.473247991946095
0.454900103973303
0.458538846877402
0.392527405363719
0.47063004988348
0.477764280962673
0.466576719184385
0.641788167130577
0.493382056046864
0.442715534573916
0.461005956510795
0.498168515260946
0.340665096118753
0.407842158198283
0.407258654393432
0.442093740721784
0.444809113764792
0.522282924381259
0.409311425055897
0.419106380917406
0.433898603173112
0.43879358426337
0.472456529707989
0.432755650278856
0.470635707700798
0.42191212855913
0.581059583484091
0.416333188346301
0.490055874662488
0.49135988711879
0.427028374482515
0.381990038766213
0.447019623479618
0.47592283827205
0.488748459274032
0.57686098257245
0.467875144508951
0.427965518377526
0.482471295965101
0.41806567117745
0.4941867537342
0.441625130569844
0.4615284403621
0.395502892280885
0.416333188346301
0.425335332862747
0.566251803675974
0.415815059422055
0.604116334852817
0.470767461460256
0.415511046248866
0.502604077509413
0.391992377996336
0.471622540785951
0.45630502848046
0.557003144588234
0.467410615913327
0.51104733599386
0.374988703574368
0.431408960178793
0.51343575364657
0.37920842608186
0.559480647164311
0.499817099073968
0.449139897052436
0.431942238828833
0.502434167303839
0.392527405363719
0.429797934251453
0.5691398098987
0.403049758550011
0.484214615889062
0.404318045292074
0.424600313153854
0.489172105521224
0.457057606115724
0.541452388119469
0.438798266401594
0.584405212955608
0.48531940277492
0.49408547515124
0.550443534484176
0.514419463105606
0.406777557334564
0.50652869004342
0.429754968609466
0.526913809046058
0.4108874413777
0.480385005596113
0.541452388119469
0.536174349201284
0.491922591055123
0.506532005312396
0.45055901012259
0.451217823818926
0.42810465723517
0.418749196447242
0.487903673649403
0.405730634286618
0.534012549106796
0.501607752579181
0.461867408385245
0.461941861757345
0.473247991946095
0.344719579332744
0.428498812070357
0.413208873365484
0.358253826187704
0.439783399220133
0.471401848251653
0.408447384361434
0.411401957640763
0.47616019675131
0.486530154745824
0.420902391137833
0.422170383894927
0.421799646009602
0.438783799049486
0.481189067421938
0.526816612677355
0.433793591093275
0.520194681066936
0.429777377779375
0.401385643876496
0.519855846882732
0.465429390636329
0.482471295965101
0.442422815952257
0.536256942733693
0.384446842945483
0.563811983450063
0.431426431168768
0.568055575928355
0.438528476696567
0.482799038366062
0.419616438761788
0.54886941711209
0.429723988081681
0.353804335013905
0.431342797168052
0.392527405363719
0.387063229447669
0.34613092986598
0.440670621602167
0.406360263168357
0.500943053520567
0.597330998633478
0.550357994517811
0.483588319654583
0.466426519392401
0.475332917865921
0.38459903891432
0.415945732957814
0.544120255741529
0.473128437126801
0.408407023500511
0.427345457918354
0.40930917168481
0.399353602099475
0.521954993665626
0.448369168746228
0.417205066112614
0.533925772381107
0.438798266401594
0.429785845245672
0.488784691148899
0.45957594235905
0.432115708161124
0.581912487364247
0.457186731407659
0.400497955640759
0.505181753511644
0.409511653304687
0.505512937175379
0.438798266401594
0.49419875122852
0.50126381352004
0.535841045556674
0.442731622789574
0.527666358807243
0.444677568206031
0.415471332506687
0.442807290827896
0.464460108654232
0.518915504129724
0.411939996735732
0.541072380767191
0.35217893926357
0.565130933878802
0.394002538273172
0.477764280962673
0.475667876080297
0.453978049648736
0.432278221098048
0.45891191854221
0.429644175656561
0.545542240134364
0.477664642994652
0.470198802376497
0.531546716562397
0.386552403411554
0.473247991946095
0.483478628611768
0.549919599821498
0.463211395773005
0.343486781702413
0.452005891163774
0.503966926570228
0.421996013032183
0.467410615913327
0.411295095086032
0.489773089361819
0.506955533326436
0.52348806407647
0.433898603173112
0.398160689760982
0.468789792344403
0.484336343716481
0.344230216897585
0.442373518805723
0.385381233576192
0.426743446281844
0.443225027017915
0.51343575364657
0.473038188125218
0.485169717732361
0.500782299466029
0.453005326509646
0.427965518377526
0.525768482108841
0.500440462748154
0.470361339041611
0.33503252584257
0.422117998483394
0.4108874413777
0.42185017630959
0.421719313530293
0.42473816117451
0.54473255472881
0.405306569723482
0.482019111787513
0.408449990902507
0.483363407712365
0.415014789997006
0.590467203723874
0.538407126385403
0.415447023850873
0.465380892594071
0.470502475155597
0.505792391182416
0.415815059422055
0.518787126158377
0.537477515481999
0.398709786354433
0.489949312540536
0.467410615913327
0.474710825275475
0.489446435051665
0.53648678186503
0.409782470802566
0.437453854657941
0.445362116747066
0.396482988648209
0.44893248640165
0.622034231003889
0.434184922090598
0.455225906299976
0.439426350152178
0.402495518561036
0.447982804176327
0.489495031783057
0.466049777628992
0.527929250959761
0.468383350908606
0.561103537146695
0.392349330931393
0.513306260102862
0.419616438761788
0.444995571566526
0.45650466801621
0.472298116031177
0.408199309847756
0.421719313530293
0.519031834468675
0.535650862794123
0.448301166935724
0.477187609489162
0.478191375934971
0.489773089361819
0.338084641201489
0.633773626923474
0.458692113343349
0.451239834191467
0.490055874662488
0.542650049256881
0.472927691931929
0.359995683794396
0.486019274260244
0.446522204537721
0.536218461984645
0.489773089361819
0.389772352674516
0.470107693035428
0.437009033847553
0.471556272978211
0.616112187318067
0.402569706463378
0.361575713813804
0.333235343631941
0.493804691126124
0.446523284829165
0.424636031578888
0.49135988711879
0.397750997341255
0.517984513160854
0.519120151043037
0.464327770580678
0.413762457876904
0.564602474169198
0.526184605959015
0.617196196590522
0.499696874632786
0.353217125890758
0.513322560922944
0.433543035385287
0.503091727749876
0.41139147914572
0.409930137187693
0.501223909332679
0.448369168746228
0.413208873365484
0.422869637247356
0.337120154241505
0.469483080849646
0.485379105900809
0.451688211798547
0.545108916076216
0.502870109711183
0.41805347898457
0.403832044595808
0.337607082167381
0.393309256230218
0.344230216897585
0.440529072957329
0.454031089431296
0.465706099928456
0.414006766284069
0.477796479344162
0.479575472290872
0.496372380917755
0.384904497761679
0.464057585008343
0.413762457876904
0.455396730768508
0.484193603276396
0.408850763067793
0.467410615913327
0.429644175656561
0.55048448483702
0.427334938435984
0.552189691236973
0.456255253134742
0.49135988711879
0.46075733765647
0.431675104942769
0.478930646211361
0.41058205879569
0.41046197369332
0.467410615913327
0.437564674035718
0.466426519392401
0.413559189140098
0.48219248672201
0.474710825275475
0.460199586263618
0.410339010983582
0.410083305728215
0.560903489637937
0.440645412197555
0.469639311793413
0.469305250237096
0.462207271820773
0.424684640767378
0.448369168746228
0.525794773869522
0.439704217697917
0.419146525924508
0.435088960540495
0.510619259146056
0.51913117324684
0.463557262997568
0.454405364537142
0.378116118955118
0.409999987337077
0.454478164936716
0.462556371739444
0.632790198747271
0.472723704381653
0.481823862512995
0.377784321280465
0.474080481285659
0.498740743851632
0.431825414490768
0.400497955640759
0.429431030729783
0.51343575364657
0.40902937841024
0.381456707200431
0.452897523235715
0.501241104689647
0.363806173317299
0.45048968497977
0.43208771238316
0.365181076348082
0.526107887973664
0.413709230719004
0.436472913056961
0.363016025588153
0.477734915671869
0.474865748809548
0.351138302786723
0.62016415994746
0.360576077399029
0.422702497926265
0.472406099328724
0.574819703825292
0.421017913748341
0.465756513338944
0.465429390636329
0.481324828149167
0.470286259365687
0.556956019491587
0.518422802592908
0.46710963394091
0.479220428393836
0.464978488001703
0.576319709753627
0.480521073952664
0.498023475586426
0.411861450175461
0.403300822979126
0.39607649483698
0.502234133817109
0.363765809470389
0.42185017630959
0.42865344584057
0.442968631392257
0.476588130005029
0.42901138628226
0.479884674580698
