0.530443401147627
0.529365153351356
0.473598679867987
0.453915696959887
0.475751542864205
0.482235751625653
0.473243702465829
0.479166666666667
0.471910112359551
0.465848639967881
0.452854884915539
0.476708957498396
0.536089755349132
0.487325692093632
0.491095906150541
0.470731707317073
0.490450981822476
0.462214428207238
0.485736995384646
0.467119237676105
0.499950663227189
0.494989239598278
0.461322423706325
0.468923473128416
0.519779056173359
0.477605632025839
0.470914587818159
0.452450587888238
0.461050453970808
0.466278706175132
0.482958936328509
0.492156785355057
0.532947466974061
0.462946418956808
0.46927374301676
0.483606557377049
0.481693727463483
0.490680913937407
0.469078122444529
0.47984590166302
0.470025022553634
0.556500072223025
0.458316129920176
0.510978530788097
0.582880421405012
0.616552511415525
0.477826723247317
0.444554940507792
0.464579116059379
0.46564655037214
0.466287571080422
0.484409722222222
0.484455950032873
0.472770323599053
0.483477566483435
0.443876199933797
0.611549886559437
0.477113794925635
0.504000868441554
0.466666666666667
0.516357608189856
0.464403177290657
0.525064991334489
0.483808171826128
0.478673121848527
0.47630433292198
0.46577573513007
0.463505211160495
0.461839725313468
0.465215012982466
0.464845365488007
0.448618622767887
0.480889284949064
0.474161167828685
0.521931785054902
0.493198155210514
0.47056513100134
0.457626794791671
0.519444298326364
0.507941922792623
0.472770323599053
0.489045356583072
0.465573605254758
0.481737820778917
0.52286043740207
0.453260288482196
0.608142546358645
0.449957555178268
0.470401262825572
0.442622950819672
0.464466164498485
0.476420946673533
0.462931744588991
0.476153186411605
0.545044776725579
0.465281997007885
0.48081289315125
0.463891928033066
0.479233226837061
0.519861572668372
0.475220687743043
0.52286043740207
0.514665333343137
0.480145861165034
0.469330201678975
0.489886260684709
0.471796848463751
0.513968380432073
0.47630433292198
0.519360666157762
0.520569671751502
0.469904490648962
0.481935872880755
0.464580249954704
0.478797393083107
0.459259259259259
0.569257547223649
0.54280248281079
0.517932498319802
0.470859359506486
0.479280688037529
0.523549863306787
0.582464796376518
0.438660771466575
0.469666640829878
0.470766991070303
0.521691282018565
0.484823607691437
0.463714315732193
0.482535652914272
0.465560165975104
0.506511355124998
0.450846928970656
0.477681879523985
0.523549863306787
0.478797393083107
0.46339359995246
0.520309556685886
0.466909844067439
0.448369629918512
0.466287571080422
0.471803018268467
0.464579116059379
0.514705882352941
0.457300275482094
0.47056513100134
0.546446728558798
0.469000781573654
0.466377440347072
0.47905701754386
0.492865757541123
0.465215012982466
0.463991525423729
0.482982666750911
0.539858312935417
0.458387698467549
0.461175233779026
0.459647202599984
0.444574454141317
0.477605632025839
0.470270928462709
0.462338906545708
0.473713002418519
0.598270052483111
0.45077593722755
0.455707086648454
0.595662608495205
0.44689834634433
0.48606586312976
0.514379064150543
0.461472570089209
0.481625688073394
0.456178438742058
0.469140529282039
0.49542047023115
0.441932795899677
0.47346758967052
0.45849030185325
0.463319072780869
0.492542615168011
0.453560057629711
0.464588730569948
0.443111002786287
0.479280688037529
0.47346758967052
0.58915797967462
0.458240946911989
0.477826723247317
0.460680614292992
0.461472570089209
0.465501983521514
0.468686117884244
0.466609504191385
0.44484546134096
0.465201597493732
0.462931744588991
0.593751233568863
0.463455372980178
0.460576145566251
0.567249704484546
0.481524238473391
0.449846583862372
0.492613465045156
0.492064386406823
0.478823516385093
0.471584085450178
0.571490900024932
0.476190476190476
0.473745134029598
0.519444298326364
0.554407028511888
0.471584085450178
0.552421739573774
0.471854805981332
0.478219560430562
0.481914044885358
0.470738194084068
0.48702742772424
0.489130972873843
0.45052099036409
0.595683796241753
0.46413605248046
0.470639411236697
0.463182647183521
0.520634684404625
0.514725595331967
0.49542047023115
0.491502552825376
0.518828001679701
0.471202627437794
0.594581941492054
0.482269247974552
0.612586037364798
0.470766991070303
0.469963190102079
0.466945606694561
0.472806376396411
0.455690910630371
0.470210448859456
0.482982666750911
0.472858628544376
0.46669439822518
0.477605632025839
0.515483449723034
0.489094533537314
0.458316129920176
0.464009925558313
0.522862947663661
0.487759288887036
0.470887917227352
0.482361963190184
0.472597050926137
0.45862676056338
0.51888933291468
0.480034738582367
0.448001863081494
0.528604599734631
0.466342166107013
0.445422596606518
0.46564655037214
0.467956516314181
0.488233665559247
0.4560105654233
0.478856585854211
0.602934002869441
0.471735568839192
0.470588235294118
0.489236874191851
0.477826723247317
0.47789067245348
0.466116230887931
0.455252934288974
0.467129134041368
0.459051693706669
0.473526267335848
0.471636952998379
0.489131902053618
0.483499405957399
0.464588730569948
0.52286043740207
0.463251182063145
0.466666666666667
0.462214428207238
0.530180133290118
0.494279858089064
0.597535934291581
0.458387698467549
0.455301150598577
0.47081511473571
0.458261610251093
0.538290135608049
0.465501983521514
0.465501983521514
0.540541506235726
0.451471980551724
0.470130479048334
0.480255513881528
0.45052099036409
0.526415686392352
0.471202627437794
0.477605632025839
0.469765488354966
0.463951748677811
0.453993005185447
0.476090868196131
0.490121557731261
0.493391612164058
0.45751642675377
0.459715266822017
0.524492017519676
0.472267536704731
0.517534344355117
0.488381734737167
0.45446735395189
0.463330457290768
0.53351258203827
0.464403177290657
0.506858710562414
0.468390245878398
0.463330457290768
0.47181700209198
0.507878449315457
0.463891928033066
0.487000917298315
0.485627163484251
0.583170267440754
0.466029847650426
0.50966977824183
0.485186797436718
0.560992655897572
0.486044648222752
0.546933703254147
0.451031232281232
0.466552315608919
0.479719081939912
0.518338603046853
0.475984496124031
0.4673367891787
0.520634684404625
0.453915696959887
0.467913352831018
0.458939998244499
0.463624111737319
0.58801319948542
0.482149636620024
0.469370860927152
0.59580744367037
0.465216387423903
0.458719500292797
0.464835550789514
0.469963190102079
0.546498444338976
0.452343543282376
0.46102505035667
0.463455372980178
0.477826723247317
0.474652476920938
0.464009925558313
0.467190298809308
0.475938168156788
0.456699597609722
0.523384126165405
0.459715266822017
0.478618363211898
0.484082173678047
0.531126563221989
0.509493694654539
0.483088337878115
0.512548662243931
0.456032225673558
0.483477566483435
0.517502610152608
0.495077770419783
0.473303471386814
0.471919530595138
0.489826676714393
0.463455372980178
0.444996927294685
0.444733459613043
0.456348565206702
0.441850050318685
0.472029469202203
0.489235337787676
0.463505211160495
0.458593172996296
0.479280688037529
0.466774067552259
0.451309430190205
0.489235337787676
0.573028145319111
0.456427955133736
0.473713002418519
0.483325819056207
0.471150045606567
0.461471103327496
0.456321278670454
0.545724853285582
0.469752478904902
0.521774387628046
0.476662571662572
0.471919530595138
0.479936375769709
0.450255943874237
0.506051492617591
0.480139693631318
0.464771415377511
0.577092511013216
0.483552424553105
0.512573128176304
0.468911914786529
0.477826723247317
0.4691765954533
0.480139693631318
0.468129030135544
0.469395970948766
0.464403177290657
0.477681879523985
0.45598960485461
0.464009925558313
0.462435970155766
0.51663649299439
0.46933664948231
0.466945606694561
0.458387698467549
0.48606586312976
0.467964314679643
0.471782436103711
0.451424955022369
0.46462152386409
0.465848639967881
0.59980882107241
0.471827095167691
0.449107387465964
0.516898141819541
0.456699597609722
0.473105324523902
0.449273968235097
0.467190298809308
0.507133876182493
0.477826723247317
0.456199836199836
0.472019464720195
0.563300428199623
0.529269660608805
0.518762453837775
0.465501983521514
0.466609504191385
0.4489087982994
0.492542615168011
0.51883748957078
0.463455372980178
0.524796263168356
0.460491415733351
0.466551570489082
0.481495748444901
0.442099791009791
0.510497548537599
0.47559289648196
0.471785991886837
0.472271237515339
0.471202627437794
0.487262098700007
0.463975331091745
0.461839725313468
0.471202627437794
0.449114011386265
0.522524495143695
0.484836382999322
0.520719331730945
0.561787556930629
0.470859359506486
0.464579116059379
0.517568525893266
0.478673121848527
0.487000917298315
0.575780786619688
0.516877637130802
0.466029847650426
0.479280688037529
0.464053676188388
0.520995647082219
0.463556892794181
0.594568834301449
0.475984496124031
0.472918791016289
0.45519719593523
0.487179487179487
0.480542236339264
0.528093758612914
0.553906381607377
0.459930183486822
0.489131902053618
0.46018794560382
0.507133876182493
0.471202627437794
0.462214428207238
0.58380186782063
0.511458164533031
0.480948820651246
0.432468436464884
0.472444135325872
0.50856221770293
0.487541871984894
0.466666666666667
0.445414847161572
0.466116230887931
0.470541713991224
0.473423836604904
0.533359830418654
0.460707807911556
0.530595378647327
0.472444135325872
0.472256740171324
0.458955285458491
0.52185735578918
0.47665213005257
0.456275410267806
0.489409984871407
0.465281997007885
0.482998574924041
0.536117804965787
0.458868962416502
0.516986589175841
0.466551570489082
0.456348565206702
0.449093979143541
0.510245636890214
0.579210765866642
0.526138049851814
0.490418395700978
0.482591484663153
0.5171681338743
0.465742112824225
0.494047585303772
0.477681879523985
0.489122182620818
0.464771415377511
0.485476375572255
0.490525698829052
0.460615981248918
0.583333333333333
0.47665213005257
0.472444135325872
0.51136748981322
0.470985438365861
0.46462152386409
0.466639186589722
0.477826723247317
0.487240888736119
0.461370517795778
0.478797393083107
0.470503861258704
0.477102045998403
0.461300309597523
0.495282599020917
0.491172847512465
0.478776178776179
0.597661833291257
0.481113430098346
0.464821441964621
0.473066136104436
0.483637906097018
0.449068124117841
0.463455372980178
0.477704637036146
0.463066801241075
0.467119237676105
0.52119596151551
0.465595535690025
0.459971734824528
0.466278706175132
0.462540916337292
0.474313919791869
0.469798657718121
0.483715274295457
0.464115635092731
0.557153535808638
0.45861801604328
0.489235337787676
0.490525698829052
0.464053676188388
0.458459551029967
0.473429951690821
0.487448272783607
0.482269247974552
0.565829931247485
0.479280688037529
0.464579116059379
0.476323941774396
0.46641964977345
0.495376672914406
0.467377231346403
0.486445660161672
0.457505364806867
0.45861801604328
0.47181700209198
0.530180133290118
0.462214428207238
0.595337706265741
0.473777788225707
0.455213127259908
0.499950663227189
0.462108426420593
0.480132962860793
0.471785991886837
0.521034404518802
0.478618363211898
0.533616436104482
0.449469562934858
0.464001450982041
0.491994922387172
0.449273968235097
0.552732662426392
0.484997974453882
0.465561251252591
0.471130478882522
0.47978048602102
0.461300309597523
0.460214171672533
0.576310920622666
0.467332734620566
0.485209941758093
0.460213289581624
0.472119321904346
0.508390319120408
0.479442339453998
0.520748450977076
0.466029847650426
0.57239110707804
0.489369024056257
0.491173518090839
0.52771484801363
0.512252953955386
0.465215012982466
0.49420135032836
0.465561251252591
0.52156565470779
0.465273297535508
0.470055981786427
0.520748450977076
0.522606899902818
0.481206672011768
0.509654368932039
0.4756149721463
0.478938838181353
0.464403177290657
0.46339359995246
0.485735735735736
0.460874225266788
0.515380918048546
0.515483449723034
0.51698166282479
0.476238269537791
0.478797393083107
0.442387536417106
0.46969207351816
0.465501983521514
0.451424955022369
0.465501983521514
0.476190476190476
0.465760529756153
0.471880953636001
0.487325692093632
0.527192624162558
0.470398702351987
0.471796848463751
0.461050453970808
0.472628433233999
0.514379064150543
0.522948223029193
0.472619777823213
0.525289258962012
0.470025022553634
0.456017428980126
0.519529407694836
0.477826723247317
0.476323941774396
0.47056513100134
0.517843300110742
0.460476999209394
0.550006923426899
0.478226055154817
0.560762242863627
0.468594932867466
0.49444021618176
0.471202627437794
0.528644954859732
0.469557757814587
0.452486715295064
0.464053676188388
0.461300309597523
0.458833831255795
0.452484742807323
0.467513213331435
0.461230901156211
0.486443243243243
0.590195171500608
0.538616275999192
0.473598679867987
0.477605632025839
0.478221159973989
0.455771155699375
0.46135484960238
0.56
0.478424319368035
0.464588730569948
0.464684379031873
0.47181700209198
0.454220563635667
0.518576029445595
0.472704821614431
0.45751642675377
0.499950663227189
0.466029847650426
0.465668483857626
0.484648073213535
0.474568981565288
0.464519525875754
0.547406838263542
0.474610637146195
0.458570669360981
0.518828001679701
0.462303820412223
0.517539772130631
0.466029847650426
0.49420135032836
0.50814695476371
0.528931737315896
0.463837016861102
0.525331962427537
0.470835094392787
0.463333333333333
0.477625290363923
0.472053256395178
0.517932498319802
0.469752478904902
0.550173235909574
0.45282162791494
0.583406498957438
0.454234360820819
0.491172847512465
0.482100467482536
0.482399806872051
0.470639411236697
0.491439883011735
0.464009925558313
0.540477173021277
0.477102045998403
0.482927732371305
0.539971080355299
0.457810624823017
0.478797393083107
0.48077677224736
0.525204606956637
0.470663989240944
0.449273968235097
0.473541992443003
0.486469049694856
0.45861801604328
0.478618363211898
0.463556892794181
0.479719081939912
0.507941922792623
0.536089755349132
0.466278706175132
0.475439803274412
0.47133616870459
0.481693727463483
0.451335466924407
0.470261639996384
0.453504733312513
0.46462152386409
0.469914007466538
0.491994922387172
0.476238269537791
0.47242206235012
0.491750121536218
0.484885696311451
0.464579116059379
0.537354427177172
0.516315602667449
0.490680913937407
0.4429377700285
0.465538703677207
0.465273297535508
0.463505211160495
0.463891928033066
0.464115635092731
0.524018553909858
0.472363925595184
0.472477045075125
0.463545882238254
0.471751670256654
0.455771155699375
0.581632653061225
0.51735358824858
0.460645402076697
0.475073001324995
0.472509228876128
0.485089299456736
0.462214428207238
0.507878449315457
0.538423682616596
0.465501983521514
0.519709199749988
0.478618363211898
0.479280688037529
0.485525608886578
0.520891364902507
0.456321278670454
0.464751817269382
0.484648073213535
0.455290181340289
0.482998574924041
0.597242587161942
0.47833265194876
0.47469116974226
0.465194055651592
0.458261610251093
0.474736202247541
0.487437150681242
0.48361295107542
0.516918646508279
0.51265335888581
0.583221276019469
0.454091844478098
0.511541196443942
0.471202627437794
0.485186797436718
0.475550256195418
0.489628279447798
0.467851099830795
0.463891928033066
0.52185735578918
0.518160309721824
0.464396377229457
0.476439459158353
0.489886260684709
0.479719081939912
0.441258094357077
0.608695652173913
0.482496914820239
0.474171144616027
0.489235337787676
0.524919455585509
0.4725
0.458387698467549
0.475809409112106
0.470051000069329
0.518160309721824
0.479719081939912
0.46376860414005
0.479952782572706
0.463874911050117
0.468866748383255
0.594568834301449
0.471628455068291
0.455979008313175
0.444344218445884
0.488336989907854
0.471863970709503
0.467843678570368
0.490525698829052
0.456178438742058
0.521126606251272
0.516595130637684
0.47559289648196
0.466447022185087
0.552004728132388
0.504772889161297
0.583871774563341
0.505179401252961
0.46083325056899
0.518222627219967
0.465281997007885
0.509210048105486
0.463705771381888
0.466579808739455
0.492613465045156
0.472704821614431
0.465501983521514
0.466722129783694
0.449957555178268
0.473129387718831
0.489170998992145
0.483477566483435
0.543376378489516
0.491502552825376
0.466636984268329
0.456119872482086
0.443089862366332
0.454665139388891
0.451335466924407
0.46385573061867
0.475162367730795
0.48460960093517
0.465965251028645
0.475723894261292
0.486151674658499
0.526838482524097
0.456699597609722
0.476153186411605
0.466447022185087
0.481264217215581
0.489045356583072
0.462931744588991
0.478618363211898
0.464009925558313
0.52841716838221
0.462338906545708
0.528544520861361
0.471023449114745
0.490525698829052
0.466909844067439
0.467258067977765
0.490418395700978
0.462931744588991
0.460531072332315
0.478618363211898
0.472477045075125
0.477605632025839
0.463267070008643
0.477004770903706
0.479280688037529
0.47056513100134
0.466789805274033
0.457375800038099
0.526138049851814
0.471208906659259
0.475794978935721
0.490680913937407
0.484455950032873
0.46102505035667
0.472704821614431
0.494971253986768
0.465238346606688
0.458982004981232
0.459600493262971
0.516637120033825
0.519948611629689
0.481495748444901
0.472770323599053
0.456017428980126
0.466947379618467
0.482982666750911
0.477237333103255
0.585720512414108
0.474610637146195
0.486228143225632
0.451424955022369
0.483221535270268
0.490226788469545
0.482829005428824
0.458570669360981
0.466551570489082
0.491994922387172
0.467229436949464
0.454021104962754
0.463874911050117
0.515305550229194
0.453110342401501
0.488021558292488
0.471026490066225
0.449957555178268
0.543297705340446
0.46413605248046
0.478106469812098
0.459971734824528
0.482001680981273
0.471682999303517
0.455063078941338
0.596532959420435
0.451600038572258
0.465560165975104
0.479280688037529
0.57874670633996
0.460531072332315
0.470401262825572
0.477826723247317
0.479143772893773
0.482504779251955
0.51896721558951
0.518222627219967
0.494279858089064
0.476426799007444
0.471508809898777
0.58120363572487
0.477872845893178
0.51896721558951
0.470025022553634
0.454279988870371
0.468138296100088
0.495874633317894
0.449491976686741
0.463505211160495
0.470327487171031
0.471903533931532
0.478466659498593
0.466165413533835
0.472323152112301
