0.586360845624671
0.594367997593804
0.46859131669522
0.431861067267278
0.46946194765398
0.471882208497656
0.465154651240326
0.474784804245225
0.467377231346403
0.453795935707711
0.432762885296329
0.46809508602451
0.570551094824954
0.494803198380414
0.486979765811366
0.457496861405506
0.509646327184188
0.447955701051752
0.484606715598451
0.455907295986273
0.52724150986201
0.518973974727144
0.446076432305271
0.460155689760936
0.543659111593052
0.472031905826655
0.460154070222828
0.432003700277521
0.447623310738799
0.452391745456115
0.478798984443387
0.517768202379181
0.566606797283111
0.450046685340803
0.458783004443809
0.480635001615564
0.477012824174707
0.492071739859202
0.456635272162869
0.47304414525263
0.456820144449678
0.587528017956909
0.442857142857143
0.532004556766209
0.599815574397747
0.63343685300207
0.472338881093377
0.417505152385079
0.451197841771992
0.451585727097318
0.45241311845774
0.484550246781787
0.478277721604314
0.461606678120389
0.473799184893176
0.41877190743159
0.660673884938591
0.472133544219865
0.521103009286749
0.45272250519763
0.570565378396704
0.450838733771949
0.558095321026356
0.487926593801239
0.470491784551018
0.471111333223584
0.449392586380789
0.451337157391514
0.448064969828955
0.450853644609067
0.45165863695674
0.423758451028282
0.477822753780456
0.46581568946797
0.548667488644431
0.517240934803379
0.463885262547142
0.440446325749323
0.542353488732886
0.523350681422159
0.461606678120389
0.488549618320611
0.452940346594749
0.482953644903264
0.554912280701754
0.430635932039781
0.632997593589521
0.423244051993473
0.464520612441687
0.415956680779976
0.454704598874108
0.470443922634614
0.449821489859441
0.470919033007702
0.590909090909091
0.451161858876475
0.47129546149568
0.45045045045045
0.478260869565217
0.554327471095913
0.469819734065076
0.554912280701754
0.530347222807624
0.481648580060914
0.460155689760936
0.487980248289527
0.459684508222801
0.545064377682403
0.469746695527101
0.542460389453314
0.542353488732886
0.456368179276692
0.472905328226836
0.442965779467681
0.473684210526316
0.446748516399559
0.586615504834327
0.583333333333333
0.555458684490943
0.462423023159167
0.483117109116221
0.559271047766063
0.600199406750008
0.408979977406412
0.462881915803652
0.45865810962642
0.568107276846822
0.483031664557592
0.450023342670402
0.479439871203992
0.451388888888889
0.528002962885729
0.428838216942394
0.472355155038583
0.575367252177074
0.473684210526316
0.44918222565229
0.573819605807905
0.454018589130984
0.415571758385391
0.45241311845774
0.461538461538462
0.451100939667388
0.531906716600978
0.442622950819672
0.461790124447154
0.579876434245366
0.460094663399408
0.45406196067868
0.46861084535157
0.511829956201865
0.449771670454782
0.450358889257029
0.478802302078164
0.579108275387789
0.442360271211288
0.444444444444444
0.43786400011619
0.419877859924782
0.472031905826655
0.461313138224176
0.447979358859995
0.468633362341663
0.61407132053014
0.426909808696294
0.434454525363616
0.609307729780259
0.422059549886183
0.478260869565217
0.541215298000388
0.446838326833258
0.488408978949456
0.440618961292508
0.459471109040075
0.523711743424269
0.415604525139432
0.468493493493494
0.443051078439081
0.453278837420527
0.51023938493797
0.436488691823318
0.451464723797345
0.413207547169811
0.474323858681894
0.46804082123116
0.607471920178805
0.443931693970452
0.472338881093377
0.442922374429224
0.446838326833258
0.45422342128929
0.455962085308057
0.455570027628047
0.42
0.447968756969466
0.449821489859441
0.606341095660915
0.449140890801473
0.445392608765971
0.596913888524639
0.47680592659707
0.422583745368556
0.517857142857143
0.520621104483614
0.468406087006286
0.460547504025765
0.593901615008814
0.471159598841638
0.469171184197889
0.542353488732886
0.586708942829926
0.460547504025765
0.584130963928186
0.466257612700186
0.472886762360447
0.482749070923097
0.463403745644599
0.487096617553206
0.488515018277994
0.433459443578096
0.613164621362251
0.450046685340803
0.45853420105106
0.449650744860786
0.542353488732886
0.524359011649045
0.523711743424269
0.503955660570197
0.540388847138659
0.460187059529165
0.610025125628141
0.478983915321156
0.636363636363636
0.465144663838229
0.463758202977855
0.453239343296768
0.462837994502339
0.434684915221421
0.463878420729956
0.480081383519837
0.464193566882633
0.448724201687218
0.472031905826655
0.53109077977499
0.511834013842553
0.442857142857143
0.45052099036409
0.577314017916599
0.479835390946502
0.4611380798274
0.4777461331697
0.467282061993376
0.436121248986213
0.544759546771613
0.475974683544304
0.420134103661619
0.574555155695507
0.456072174986938
0.415718571680687
0.451585727097318
0.456888642834546
0.490881971398117
0.44112234186645
0.474689067090817
0.610878330995792
0.466869064228717
0.462197692991817
0.50671591975175
0.472338881093377
0.473092369477912
0.455075585569851
0.424371924371924
0.452380732725399
0.444660342529649
0.464806426498691
0.460846707859767
0.491538699082002
0.491340317253307
0.451464723797345
0.554912280701754
0.449152542372881
0.45272250519763
0.447955701051752
0.599198396793587
0.522426180547729
0.610203775534437
0.442360271211288
0.441042236950731
0.466966632962589
0.442702872884691
0.573917035972372
0.452504133593568
0.452504133593568
0.600784703100135
0.434782608695652
0.459841129744042
0.485863114424965
0.433459443578096
0.585917238749047
0.465191574699938
0.472031905826655
0.458508644919513
0.449392586380789
0.431897064276139
0.471111333223584
0.493479993623466
0.52521207175162
0.442015236383796
0.445777595676825
0.559755378720896
0.462809917355372
0.54187483080255
0.490472819246781
0.438813853977765
0.450485330494411
0.584004520164396
0.450838733771949
0.532004556766209
0.457771199856482
0.450485330494411
0.460767946577629
0.528032506916501
0.45045045045045
0.510825885857636
0.494719238234524
0.601173020527859
0.452280373765087
0.56245460296633
0.477624084621644
0.594438922023415
0.490881971398117
0.587465846994536
0.429268292682927
0.451264191443325
0.475862068965517
0.539080857132054
0.469702893660938
0.454381194259823
0.542353488732886
0.431861067267278
0.454766844497135
0.444079688498127
0.450853644609067
0.606893058030256
0.47901143811976
0.461506249194691
0.613164621362251
0.452527584974716
0.443032205208682
0.448751759813334
0.460677809174661
0.584545135230067
0.433652896737009
0.445820709129767
0.450249493989838
0.472338881093377
0.466369507898513
0.45052099036409
0.452380732725399
0.470507965825677
0.438020962080388
0.57991111685168
0.445777595676825
0.473321470937129
0.482953644903264
0.586552522393461
0.531126563221989
0.482977010754073
0.518812434655861
0.438646015819929
0.477198697068404
0.556898804306481
0.51956623056693
0.462939636240375
0.459920814538492
0.508388055034396
0.448550130608178
0.420184045625809
0.416908285639849
0.440973283248217
0.415643208760297
0.466137100072357
0.489441571694408
0.449751822839689
0.442879188712522
0.474323858681894
0.454235838250859
0.429296130538127
0.489441571694408
0.596443812233286
0.440980478023371
0.468633362341663
0.48590568390666
0.459492782678428
0.44711220741697
0.436952249204997
0.58418747910797
0.46017576774958
0.572248480492492
0.471981908118553
0.459920814538492
0.47575504205939
0.424835258529595
0.526064311594203
0.477113713417451
0.44759730749638
0.593510098592898
0.484434060228453
0.521975763693546
0.460200119474313
0.472338881093377
0.462369920369609
0.480973024367639
0.458310762007945
0.456909266494008
0.450838733771949
0.472355155038583
0.440714807043153
0.45052099036409
0.448724201687218
0.543514817019079
0.460545420835651
0.453716349408874
0.442360271211288
0.478260869565217
0.460231201793381
0.464646364447971
0.428830472808575
0.451197841771992
0.452969577471909
0.610891019204217
0.461682264217532
0.426864926544002
0.568994543132474
0.436282941838132
0.466241457064485
0.426315133965407
0.452380732725399
0.525189823471281
0.472338881093377
0.440783086356668
0.46581568946797
0.608717744786144
0.58582753436759
0.539951573849879
0.452543195047584
0.459326735212114
0.424953289954156
0.510460243632337
0.572962170568872
0.448550130608178
0.578115002239951
0.443681113651183
0.452897280040261
0.472956442927268
0.415754294338899
0.529849263589475
0.470172314133508
0.465293588182348
0.461473319795324
0.460187059529165
0.488010643317615
0.447380054911815
0.446838326833258
0.465191574699938
0.428830472808575
0.556142751427654
0.483460817168841
0.587756984037531
0.583259911894273
0.462418300653595
0.451197841771992
0.555664274842357
0.474928610256728
0.510825885857636
0.591220804592318
0.590819436973283
0.452280373765087
0.474323858681894
0.450781956240155
0.57787424599697
0.448791292544771
0.607
0.471026952372787
0.464403177290657
0.435243391360413
0.49434753210683
0.471111333223584
0.56043559282553
0.586760749440175
0.445017319123679
0.491538699082002
0.444493348982786
0.522101180529505
0.460187059529165
0.447955701051752
0.601170167851478
0.517080755570577
0.465521634700606
0.398198800551098
0.460494036324207
0.521068117857247
0.483105513347449
0.45272250519763
0.417956102382332
0.455075585569851
0.46167574519053
0.463403745644599
0.588794941879674
0.445083317829238
0.566750629722922
0.460348276875328
0.462939636240375
0.441944194419442
0.566970428299506
0.472268222133878
0.440660914640385
0.477893330627706
0.451449940116709
0.482749070923097
0.575308321610511
0.437787429739397
0.531932876349844
0.452897280040261
0.440973283248217
0.425351458562657
0.524656343216902
0.601793770043683
0.58120363572487
0.491545889033326
0.473027217830158
0.532767835838702
0.450819733155844
0.519426401150705
0.472355155038583
0.507927696170852
0.451672022916016
0.484742966556525
0.492828571428571
0.445215256317268
0.599181918559909
0.472268222133878
0.460494036324207
0.52892900982497
0.462546805757538
0.451197841771992
0.454106230580784
0.472338881093377
0.487774332061069
0.44537037037037
0.473684210526316
0.459459459459459
0.471515265874562
0.447316628264209
0.516043607446411
0.509396389237579
0.473993983375186
0.611851924108667
0.477033906934121
0.451209071166054
0.467161141797553
0.483093552133678
0.425188614006342
0.44891340034131
0.462711470456394
0.453357922456106
0.455907295986273
0.542534172906028
0.447669305189094
0.448414122223464
0.452391745456115
0.447955701051752
0.465760529756153
0.46098729741194
0.48041750896047
0.450235492562816
0.589706102863998
0.443106523031419
0.489441571694408
0.492828571428571
0.450781956240155
0.436145549029083
0.466280379132117
0.489044955014331
0.478983915321156
0.593299172660375
0.474323858681894
0.451100939667388
0.470771063461122
0.452181683956949
0.519366257210428
0.456128116121774
0.486465292469911
0.436711415284724
0.443106523031419
0.46047257798799
0.58517864731457
0.447955701051752
0.61105527638191
0.468713867154612
0.438199604165991
0.519455497203489
0.448550130608178
0.472956442927268
0.462217567490979
0.55373751385832
0.473321470937129
0.567416437131439
0.426629114378671
0.449317738791423
0.508846598884631
0.425413096695227
0.586789444980493
0.491295297993411
0.45438361872951
0.462881915803652
0.483031664557592
0.447316628264209
0.445195486624771
0.593271004527922
0.453825790160972
0.489413987144698
0.43859649122807
0.463651949166732
0.537325129157718
0.473513084650983
0.544501827808756
0.452280373765087
0.596443812233286
0.509615502170059
0.515815006224301
0.57859891225853
0.551767071378857
0.449771670454782
0.522236206607932
0.451730512691312
0.547153929229401
0.452280373765087
0.464383417116614
0.544501827808756
0.574988500459982
0.48041750896047
0.525402219736729
0.465521634700606
0.466884742534958
0.450838733771949
0.44918222565229
0.490793775072847
0.444132634318881
0.547119292778756
0.530309818466699
0.515590277777778
0.471206731620903
0.473684210526316
0.413149626031305
0.458803122289679
0.45
0.428830472808575
0.452543195047584
0.471159598841638
0.449957555178268
0.46098729741194
0.494803198380414
0.558335799321664
0.458128861429832
0.456920220452331
0.445777595676825
0.460898520084567
0.521119382409705
0.544501827808756
0.459767986251037
0.578444016834202
0.462733418111238
0.436507936507937
0.557408563129387
0.472338881093377
0.470771063461122
0.461790124447154
0.574553429027113
0.443302285840867
0.583097071965347
0.468599033816425
0.588744895407951
0.455551681946484
0.51509100311963
0.460187059529165
0.57991111685168
0.45975935828877
0.426629114378671
0.450136208073039
0.447316628264209
0.436451042354929
0.427333469251585
0.455479452054795
0.445049954586739
0.514024172209111
0.607444539921796
0.590171023910537
0.46859131669522
0.472031905826655
0.474372302380692
0.438416926955609
0.448632878974088
0.60165992965962
0.473155613787543
0.451464723797345
0.454283384536821
0.460827802136764
0.434357726174273
0.564696543263333
0.464147598384666
0.440771624775887
0.52724150986201
0.452280373765087
0.452865867409444
0.483070855645642
0.465577223291395
0.451230242399079
0.583485515480923
0.464627470380709
0.442599990815999
0.540388847138659
0.447265286841892
0.533056178897188
0.452280373765087
0.515359831651592
0.57557879814389
0.579016957656817
0.451672022916016
0.566161107874122
0.465384590097589
0.449432916333577
0.468022335351245
0.464544617434725
0.537142857142857
0.458207502095935
0.583501890416869
0.430128889795624
0.607447651386531
0.435862541161557
0.509396389237579
0.479828009374596
0.477266354807079
0.45853420105106
0.491428888916326
0.45052099036409
0.594175637203769
0.472103990525263
0.475109599730997
0.576700595534676
0.438472442426034
0.473684210526316
0.485216816195077
0.556157058090982
0.464270695662622
0.423768665432787
0.464928887996664
0.488452295776082
0.443096598129841
0.473321470937129
0.449449148981859
0.475862068965517
0.523350681422159
0.573372624912034
0.452391745456115
0.458803122289679
0.465291293077806
0.477490119661417
0.429362913952457
0.462973408892764
0.43161063323401
0.451197841771992
0.464255314833287
0.508846598884631
0.470201378564671
0.467005567346833
0.516760299625468
0.482088080631025
0.451100939667388
0.576035929963159
0.535754234579738
0.495030090109575
0.413667833315104
0.452504133593568
0.452280373765087
0.449694113756614
0.45045045045045
0.450954387059864
0.557365803901568
0.462631981839299
0.467239707899919
0.450741479701942
0.466252062001492
0.439775910364146
0.602867715078631
0.540388847138659
0.445195486624771
0.469337694194603
0.467924465917789
0.486379413345706
0.447955701051752
0.528032506916501
0.579108275387789
0.452504133593568
0.534734079676945
0.473321470937129
0.475051148228411
0.489961979995835
0.546252682151192
0.436952249204997
0.451388888888889
0.481227485288524
0.437357441612761
0.472943910279721
0.609756097560976
0.469554307611523
0.47056513100134
0.454725750930472
0.442922374429224
0.464751817269382
0.506796641170602
0.479546932154748
0.573854332433866
0.535075079629911
0.598083573928036
0.432003700277521
0.533513228049107
0.460187059529165
0.477624084621644
0.466486524595106
0.51416809004511
0.450358889257029
0.45045045045045
0.559063699513138
0.542460389453314
0.451230242399079
0.471703563621222
0.487980248289527
0.475862068965517
0.40750052000832
0.643580426356589
0.4720180438555
0.464651120279939
0.489441571694408
0.581489639419155
0.465346534653465
0.43796396844295
0.469819734065076
0.461280785429392
0.57021929992227
0.475862068965517
0.449610059851279
0.474515482081272
0.449821489859441
0.46031746031746
0.611111111111111
0.454374247041315
0.434534039081322
0.417336642818029
0.514369087964286
0.464373035103822
0.456017428980126
0.492828571428571
0.440618961292508
0.563881921666988
0.590930965088809
0.470172314133508
0.451219512195122
0.584421208331914
0.5269394962549
0.6
0.519426401150705
0.4375
0.541471628807873
0.451449940116709
0.523959192340169
0.450991967034748
0.444741134636088
0.517857142857143
0.464147598384666
0.45
0.454545454545455
0.423244051993473
0.468245666388638
0.49434753210683
0.473799184893176
0.580549786299113
0.503955660570197
0.454235838250859
0.436571428571429
0.412227516291837
0.432468436464884
0.429362913952457
0.451100939667388
0.469647231419419
0.484811073699963
0.44976224360712
0.470213151927438
0.485168159907058
0.560159521435693
0.436437329914464
0.468022335351245
0.451219512195122
0.477154791057091
0.485216816195077
0.449821489859441
0.473321470937129
0.45052099036409
0.581033498287019
0.447979358859995
0.585139246211339
0.46523178807947
0.492828571428571
0.456575108517754
0.454859959172816
0.491545889033326
0.448812179194324
0.446819937381448
0.473321470937129
0.463459733377691
0.472031905826655
0.450485330494411
0.471087467200618
0.475051148228411
0.466280379132117
0.454545454545455
0.44158214048725
0.584350743689572
0.461790124447154
0.470588235294118
0.492071739859202
0.480956990041354
0.445820709129767
0.464147598384666
0.524796263168356
0.454161676437011
0.443586525749733
0.444544634806132
0.533692982254769
0.542769082883034
0.471839596588202
0.461606678120389
0.440591912617107
0.451672022916016
0.480926637342999
0.466944396327733
0.603106184487163
0.470490440565254
0.485314282082017
0.429718886697655
0.478834734479137
0.513219907094214
0.475623903570822
0.442599990815999
0.452910509406341
0.508846598884631
0.452226655858432
0.432075624515487
0.45340282381165
0.53672713379182
0.430574697710023
0.484696206119596
0.465938908660908
0.424760358850522
0.566747680201039
0.450046685340803
0.474087159928311
0.438898680906436
0.483552453606016
0.466070680825376
0.432407568562122
0.612950962280933
0.429742187833056
0.451388888888889
0.477442071785552
0.602278133379466
0.444926146640948
0.460231201793381
0.472338881093377
0.47488406163705
0.474678373459088
0.580917366946779
0.539281204330368
0.519038374799286
0.470175346779947
0.464193566882633
0.597841962660345
0.479031447594322
0.585365853658537
0.456965223531489
0.432367804792615
0.446828173132146
0.523900865395025
0.426635680711768
0.449694113756614
0.458751452172084
0.462471144775782
0.474845807905243
0.451231606026765
0.46643765184252
