0.53181594507896
0.531264842822888
0.475250985087464
0.454122292917836
0.476387518503848
0.481044719337834
0.475503587307945
0.480398674076819
0.473487346514973
0.466816021401609
0.454319613332951
0.477110941931729
0.533452901428771
0.489266132700126
0.490909260869249
0.471468918762695
0.489075341848343
0.463172708613726
0.485227568663948
0.468436495875357
0.502852620805554
0.498207445059426
0.461977352169371
0.470531855629167
0.518125596320555
0.478678631714699
0.472295991372684
0.454655661437194
0.462524484894915
0.466691913520599
0.483885131504291
0.499541086694073
0.531437636951663
0.464106521326048
0.470299391610496
0.482773710502518
0.481466434683994
0.490134631331633
0.470326121821985
0.480529425613115
0.470041173552646
0.555799935988819
0.459409382244523
0.511175070913231
0.580116105676696
0.615497078250984
0.479118698255934
0.444352984185
0.465682742643666
0.466265341123348
0.466711092074098
0.48642903091206
0.484925072087307
0.473177348121948
0.48222361099232
0.444779214823915
0.611123302139577
0.478422934475031
0.5050864859484
0.46703818272288
0.515127892044483
0.465277879765865
0.52681769682844
0.48562971052931
0.478990002463601
0.477728531382085
0.464731978843488
0.466410172727016
0.462864422889166
0.46547080719661
0.466121884342348
0.447936159436361
0.482550326325717
0.474834489004109
0.521594236602532
0.502435368251683
0.471835267742332
0.458525513242559
0.520146374688202
0.504678023897457
0.473177348121948
0.488087720252646
0.466169508903195
0.481792366417069
0.521565548154818
0.453508038595354
0.608709291426714
0.449558175779303
0.472113338864793
0.441798667841839
0.465807917329112
0.478660374042591
0.464446891804327
0.477037907151926
0.546440903790992
0.465835081927812
0.479645849318184
0.464893226830796
0.480167146683481
0.522020787454992
0.476266568827713
0.521565548154818
0.514877603689064
0.480040205946552
0.470912738242614
0.488085420773416
0.471895747554859
0.515278738693221
0.476975474677662
0.520337574733535
0.521400728775396
0.469683200682458
0.480488082644959
0.464812604354048
0.480002558732884
0.461912505089157
0.567322620728815
0.540398437111295
0.519345391817283
0.472502666582041
0.480829269655848
0.5231354976041
0.58265580103293
0.439389599619531
0.470467844808752
0.470798801606204
0.526256486667179
0.484173286702573
0.464754253917278
0.482909252451725
0.466021146253781
0.5009228601853
0.451573780354573
0.478867002989769
0.52305264915951
0.480002558732884
0.4643371470321
0.523068242662155
0.467528038857576
0.446719486856506
0.466711092074098
0.472153989717104
0.46535117994037
0.516274201978152
0.458296521394194
0.47217398092943
0.541860570145077
0.470290526430864
0.468253717769221
0.479843393389976
0.492019664692299
0.464895163874696
0.464696460233959
0.48362583573712
0.536849614629534
0.459068054712126
0.462044022606012
0.459415756486052
0.445382301772227
0.478678631714699
0.472219808930913
0.462816957511696
0.475739521190639
0.594922780581593
0.450307708950203
0.456470316588688
0.594026075138919
0.447505006951451
0.48527832171727
0.516242582253735
0.462181970789322
0.482287832927087
0.457423723977545
0.470636407312616
0.503849724838131
0.442232723998925
0.47507305223911
0.459527683909621
0.464427924063999
0.500574820605817
0.453959112089493
0.46584086719326
0.442721325324071
0.480486760143564
0.475083850496981
0.589454256348403
0.458591105115536
0.479118698255934
0.462337043233495
0.462181970789322
0.466258672277432
0.469345327097952
0.467845417464581
0.445629641107442
0.46483708732652
0.464446891804327
0.593383162385541
0.464135401447404
0.461130903086484
0.56281732287174
0.480637921335078
0.449313007066509
0.501251905656673
0.493347628365813
0.476469014703346
0.472348037271448
0.564138252803038
0.477463703732047
0.475178175541186
0.520146374688202
0.554501800249077
0.472348037271448
0.546430556652197
0.474124604501501
0.478961732828084
0.484636068735555
0.47286161314357
0.486859180911029
0.488299218904993
0.451748518295005
0.596976157695823
0.464893765644911
0.470854505545361
0.464759054341705
0.519842813641719
0.514826305771655
0.503849724838131
0.491198878987725
0.518475042557205
0.472165413290097
0.593571336425586
0.481843836264217
0.61071760782591
0.472898007435767
0.471904776277153
0.468685031443851
0.47335265844455
0.45676744695804
0.471518644203722
0.482577312684831
0.474427961829737
0.466379299454975
0.478678631714699
0.514426614694894
0.490472246042652
0.459409382244523
0.464861255357413
0.525131591701877
0.487995966905712
0.472626206044664
0.48146604411084
0.475228203040052
0.458291772151229
0.51895273519672
0.482253645042907
0.446795996644888
0.528948995880587
0.467696045765405
0.44467654657355
0.466265341123348
0.468733668172395
0.489122876046585
0.457545027006445
0.480015699345741
0.602902930688771
0.473098425643573
0.470333144740417
0.493087913349928
0.479118698255934
0.479158316059884
0.467411901956015
0.453584509782109
0.466635111879278
0.460840560114706
0.476197639592621
0.472898693201477
0.489769467856114
0.484901476178898
0.46584086719326
0.521565548154818
0.463972926842385
0.46703818272288
0.463172708613726
0.530596842967891
0.496974428090179
0.59766404412937
0.459068054712126
0.455977158609438
0.473538917985707
0.459525591681574
0.540476196290513
0.466559128800985
0.466559128800985
0.545993107069095
0.452306954322145
0.471441420289815
0.481162141249487
0.451748518295005
0.530738461079956
0.473596705650438
0.478678631714699
0.470775240732017
0.464361551127819
0.454101839746858
0.478162194982585
0.489671514542672
0.497803190010607
0.458848715354042
0.461534210360408
0.523386767523824
0.472479046810847
0.518562918285242
0.498873543196333
0.45553157628725
0.464721451112251
0.535506788982837
0.465277879765865
0.502199784522433
0.47010746815256
0.464721451112251
0.472624118371002
0.508682742373856
0.464893226830796
0.49027820176497
0.485955922497548
0.583019732831519
0.466466304362456
0.506153052291608
0.483837942050102
0.556070468066006
0.486280296175126
0.545570417155758
0.452524776858943
0.466145897573274
0.481054501679041
0.519330653542326
0.476714895201033
0.467462203778509
0.519842813641719
0.454122292917836
0.468570704363989
0.459720319579587
0.465044729223672
0.587920661567127
0.481937608764212
0.470413577087537
0.594894961382434
0.466445943251013
0.459661201750376
0.463547797446826
0.472339377899705
0.54506203381699
0.451855209910404
0.461665626339646
0.464778722865361
0.479118698255934
0.476832335559615
0.464861255357413
0.467438258899054
0.477322170948562
0.457848998076718
0.525111688864359
0.461534210360408
0.479893453425075
0.485342532969656
0.531265982186288
0.510052528439696
0.485765802483926
0.511549326605892
0.457193699642729
0.483538029818566
0.520073879188938
0.497367583806038
0.474676898504304
0.472263010261245
0.495155515220065
0.463881008167251
0.44570909192314
0.44362596778292
0.457632798918386
0.442074967248376
0.474465841580618
0.48877369690754
0.464497092751567
0.459274849657208
0.480486760143564
0.467032771810567
0.451506362165077
0.48877369690754
0.568147669645323
0.45755031373142
0.475739521190639
0.484224765328786
0.471159927515905
0.46213506016407
0.457277032723791
0.543436418366302
0.469572389078534
0.524507566710964
0.478156761707181
0.472263010261245
0.480700400718169
0.450049698242191
0.505184619410637
0.47987161427287
0.464516305709013
0.576144945458436
0.482593239083128
0.513864029067063
0.470314169960522
0.479118698255934
0.470227487729808
0.481556595889781
0.468434589826149
0.469655529047863
0.465277879765865
0.478867002989769
0.457533797114235
0.464861255357413
0.463223844086324
0.518026185290025
0.470856966577543
0.466973069568129
0.459068054712126
0.48527832171727
0.469755639232763
0.472121371027
0.45200301401928
0.465480049964504
0.466871278736103
0.598763607022493
0.471728605095394
0.450032499385992
0.518452064804602
0.457057235676406
0.475222500478453
0.449658524347289
0.467438258899054
0.508441046250555
0.479118698255934
0.457876177291561
0.472391467039626
0.566876128769733
0.529672147129795
0.518328460401833
0.466481175012637
0.468016437573207
0.448614302758677
0.493166779634617
0.522551375694738
0.463881008167251
0.52535981540901
0.460378513211274
0.466922816227537
0.482436167796777
0.442375177152926
0.510678488598744
0.477178845799447
0.472978099326347
0.473852251808961
0.472165413290097
0.487784408190163
0.465149510839118
0.462498317620875
0.473596705650438
0.450297125532917
0.521044260231738
0.486175652943361
0.522327465953869
0.557525112931663
0.472529876140507
0.465682742643666
0.516266527567883
0.478808169510561
0.49027820176497
0.570355610573483
0.518039789098282
0.466466304362456
0.480486760143564
0.465048868160655
0.519259450137421
0.46455257912276
0.593250658810026
0.477056718453814
0.475697825097046
0.456865107858819
0.489527237068619
0.480117648195901
0.524488799927762
0.552540753414176
0.460511572795012
0.489769467856114
0.461137729514714
0.504024892123021
0.472165413290097
0.463172708613726
0.5829257605832
0.512562618566817
0.483110866057919
0.432400053864764
0.472562630315901
0.507320587070381
0.484259518743419
0.46703818272288
0.444444352797765
0.467411901956015
0.47213614132698
0.475446858569386
0.531296599795606
0.461795704420973
0.534404784420103
0.472682144570755
0.473535579502546
0.459471819511824
0.524472040496856
0.478196404225564
0.457355771199456
0.490329898618334
0.465957408532425
0.485994786327037
0.536084776601519
0.459484090014931
0.517271057100003
0.466922816227537
0.457632798918386
0.44886768294804
0.514069967567242
0.576234981049549
0.526395612735926
0.489602778649185
0.481983767249655
0.516342184434873
0.465008481049589
0.4992708448353
0.478867002989769
0.492038330627156
0.46597442765533
0.486420740301506
0.490302734135055
0.461074230464808
0.579655429627275
0.478196404225564
0.472562630315901
0.51108962603955
0.472053753434377
0.465480049964504
0.467330344990314
0.479118698255934
0.486843900209899
0.461472521398162
0.480002558732884
0.469778792712646
0.477612411136859
0.46238449433613
0.498262057620037
0.496560365222256
0.481206847510161
0.59644463442584
0.481706087841041
0.465546106522441
0.47442354590089
0.483709637871606
0.448997220795558
0.46398260506914
0.477681384172214
0.464317400369972
0.468436495875357
0.519401940167332
0.465641999346516
0.461286808294832
0.466691913520599
0.463887795528605
0.475427375905117
0.471349178575867
0.484888877151949
0.465289907270858
0.551741952781481
0.459764735179343
0.48877369690754
0.490302734135055
0.465048868160655
0.457985508270773
0.472953435400841
0.489242483092489
0.481843836264217
0.559467204470146
0.480486760143564
0.46535117994037
0.477684181386698
0.467282094924675
0.50646077213105
0.468698672058441
0.48609681063586
0.457734425424163
0.459764735179343
0.472037224074766
0.531172645177462
0.463172708613726
0.593746583695974
0.4755955854779
0.45594737672578
0.498561002545029
0.463738267366074
0.480719595328212
0.474263175057003
0.51948697021015
0.479893453425075
0.525597920223802
0.449913991330814
0.46542663014537
0.491399190539836
0.44936920136279
0.552517809885487
0.487275068505042
0.467064015678402
0.472347213721799
0.480086494284132
0.46238449433613
0.461325452912433
0.574521337515416
0.466032677593786
0.485554598416811
0.459992233165544
0.472610614894227
0.513775785088918
0.478899326341719
0.521887774158571
0.466466304362456
0.562713353451941
0.495083704957785
0.490509630137347
0.527188695749523
0.510827382856395
0.464895163874696
0.500916298830793
0.466170660261115
0.521630694240384
0.466331033448585
0.472389100975835
0.521887774158571
0.524833651577263
0.482744675485587
0.507304683716948
0.476461123929688
0.477886698929894
0.465277879765865
0.4643371470321
0.487467204425106
0.461876272080065
0.518408932802185
0.514213562816789
0.516820423678473
0.477540717755578
0.480002558732884
0.442377715099406
0.470470952939917
0.465219087293198
0.45200301401928
0.466481175012637
0.477463703732047
0.467158532663302
0.472714236727107
0.489266132700126
0.528536069502546
0.470541948368455
0.472488643418011
0.461653811345163
0.473072071169053
0.513152365186913
0.520925894413009
0.474392545180425
0.530379021237283
0.471909740210226
0.456812429262674
0.518005678005751
0.479118698255934
0.477684181386698
0.47217398092943
0.518625186763807
0.462521252617943
0.5466006093585
0.479492920852343
0.549413235378644
0.469024280149643
0.494733513171537
0.472165413290097
0.528062763771544
0.469372230551976
0.45176476468462
0.465065576225846
0.46238449433613
0.458526289987765
0.451747484744933
0.468554685756286
0.461586272926923
0.489039124863229
0.590708825057276
0.545769730799256
0.475250985087464
0.478678631714699
0.479027820623323
0.456744397732112
0.462963425159066
0.552213211458164
0.479545946345233
0.46584086719326
0.465950794259946
0.472453389163085
0.454900013941163
0.519674824719881
0.474177914794301
0.458028999287904
0.502852620805554
0.466466304362456
0.466707858033161
0.485651038376826
0.474650667389779
0.465180434968927
0.548275985709463
0.474528184580183
0.459342857134401
0.518475042557205
0.463193179571812
0.5162907821541
0.466466304362456
0.499615220426349
0.514409199085306
0.536786877559184
0.465095101028843
0.523060654391531
0.472516121880936
0.464130282239327
0.477207850361721
0.474094869815489
0.51834479677994
0.470434043287032
0.547596731186401
0.453106441101684
0.579981652352659
0.454514800447725
0.496560365222256
0.483249654059089
0.483208031418855
0.470854505545361
0.492120239156103
0.464861255357413
0.538464026220173
0.478195220156825
0.483543489237962
0.533062625530008
0.458797843249935
0.480002558732884
0.483222471340405
0.523512083329519
0.471595224418766
0.449271079852872
0.474838210095468
0.486507480927223
0.458864023954566
0.479893453425075
0.464447622078394
0.481054501679041
0.504678023897457
0.534261407178278
0.466691913520599
0.475506446463618
0.472193427831313
0.481233192861856
0.451899658861396
0.472349545559381
0.453850655277516
0.465480049964504
0.472147829521165
0.491399190539836
0.476853303075215
0.474668520329411
0.495398791474145
0.485204848702946
0.46535117994037
0.537538027233404
0.517184543405991
0.489607788453665
0.442535705616698
0.46656488350206
0.466331033448585
0.464590608912245
0.464893226830796
0.464881358038996
0.523013269862709
0.473040011374948
0.474927188534022
0.465000699554433
0.473005215575992
0.457699458133344
0.579071995523716
0.518270942836923
0.461047008612538
0.476290955904778
0.473957988791434
0.485940390152303
0.463172708613726
0.508682742373856
0.535106237711008
0.466559128800985
0.521510548988807
0.479893453425075
0.480510392564318
0.488337217938097
0.520602301596287
0.457277032723791
0.465831323672883
0.485666032219828
0.455421479982926
0.481787319071956
0.597636895350447
0.478541605808222
0.476110006885347
0.466452903829847
0.458816521213618
0.476014063405015
0.490047399930217
0.484984454824887
0.518997315548359
0.514869164348005
0.582173834974559
0.454323514543317
0.507544066952097
0.472165413290097
0.483837942050102
0.476199557127583
0.491956768309891
0.468001096694926
0.464893226830796
0.525181786429857
0.519130273258136
0.465371694145363
0.477776572029493
0.488085420773416
0.481054501679041
0.441065374235136
0.608019321432811
0.481371804983919
0.475382532825231
0.48877369690754
0.526357441556214
0.474625135271392
0.458566893128353
0.476974893441062
0.472501566288238
0.519503597875136
0.481054501679041
0.464910457622664
0.480948465566813
0.464622558022986
0.46904440966804
0.592934774264577
0.472888543191542
0.456885271023858
0.444145131150427
0.49253595065623
0.473875573554324
0.469780528170736
0.490302734135055
0.457423723977545
0.520555208062949
0.516534592613346
0.477178845799447
0.466688502981757
0.546522320109283
0.507329902853811
0.582980185818514
0.500379428164755
0.459694045729339
0.517792442491375
0.465957408532425
0.506366759292217
0.465178660485635
0.464602042228364
0.501251905656673
0.474177914794301
0.465219087293198
0.467840986913485
0.449558175779303
0.474832630767764
0.488690820549571
0.48222361099232
0.545470769798888
0.491198878987725
0.466808724627102
0.457015269014342
0.442425294496307
0.456778527584655
0.451899658861396
0.465138621992921
0.476265350974514
0.485892086668361
0.467510616088402
0.477040436037434
0.485888880349422
0.525108871443716
0.458525930950163
0.477595915914018
0.466688502981757
0.483945857615868
0.488165385445617
0.464446891804327
0.479893453425075
0.464861255357413
0.529585079710566
0.462816957511696
0.528928820077128
0.472198592148858
0.490302734135055
0.467985586292163
0.467753992601978
0.489602778649185
0.463782681850655
0.462210281539571
0.479893453425075
0.475035147306826
0.478678631714699
0.464764473026714
0.477669981597364
0.480510392564318
0.472326462790166
0.46815409503353
0.457665681946306
0.526097571820199
0.473209165341778
0.477060694395814
0.490134631331633
0.4848195280673
0.461665626339646
0.474177914794301
0.501701046058713
0.466724515585844
0.46012151780888
0.45995804187385
0.516201146234259
0.517753402905408
0.481051882660496
0.473177348121948
0.456654029027306
0.467204638469374
0.485763120464685
0.476877280314503
0.584779614747825
0.476546153635349
0.486197001353076
0.45210456982003
0.483565664969564
0.49252863708018
0.481698565396319
0.459342857134401
0.466922176867425
0.491399190539836
0.466795013305027
0.454253786022205
0.465734196820894
0.517342944667321
0.453321260707283
0.487677995218488
0.472378010797049
0.450229550161499
0.538949930360976
0.464893765644911
0.478919016073701
0.461092593190247
0.484441473357454
0.473957974177417
0.455001789775587
0.597260950460133
0.452247328164495
0.466021146253781
0.481649322564997
0.576469285844771
0.461532908072487
0.47258480084649
0.479118698255934
0.478594576681587
0.483777509823888
0.519660633672028
0.519530714222415
0.499451597512368
0.477083417207636
0.472643405212743
0.580437190839973
0.480280768501712
0.519982691382767
0.470449446195269
0.454563406864345
0.468745440393308
0.499617682335872
0.449883686087975
0.464590608912245
0.47054856253279
0.472596049616725
0.481724581522597
0.465236139185427
0.473664136573159
