0.527441658291566
0.528979073377898
0.47246103117506
0.458695371083811
0.475926972909305
0.481922844175492
0.478629551210196
0.480001392999164
0.474951747184052
0.466902988460238
0.458405148297432
0.477382339041939
0.527019140504931
0.48855116491925
0.494537459648041
0.473891805585625
0.484198347531232
0.465215257564476
0.483586636065084
0.46861084535157
0.491279269316442
0.491759103449708
0.463203674159729
0.470819325872517
0.512044946098566
0.479677699728579
0.476513768446676
0.45841945319124
0.46487959276904
0.467859719194395
0.484671524931139
0.49234782027131
0.533858600677924
0.464935064935065
0.471147385434818
0.483213618535934
0.480141681163086
0.488446836226963
0.472757215914016
0.480001392999164
0.470572340425532
0.535163168939473
0.463109902254621
0.499932766985554
0.581586311665467
0.634146341463415
0.479874072265377
0.44745953988039
0.466168515347775
0.467859719194395
0.468140465109285
0.494537459648041
0.483586636065084
0.473507026399717
0.483482802125958
0.448893051214758
0.610563976449588
0.479450879450879
0.51232775079636
0.468138296100088
0.509028013294445
0.466989325043196
0.522475805622186
0.49234782027131
0.479924578527063
0.478188860011211
0.466989325043196
0.46836918555732
0.464812399572076
0.464614567887675
0.467289423351262
0.451571005376284
0.483832282913165
0.474951747184052
0.523245760821062
0.504559439008842
0.470646985446985
0.462745387135403
0.517043014241264
0.499932766985554
0.473507026399717
0.486244276479908
0.468426501035197
0.479014540097361
0.516122834617193
0.458405148297432
0.603645478721857
0.4520540307909
0.471121482408553
0.450294375154003
0.467289423351262
0.481922844175492
0.465776792900522
0.477068235323044
0.53908087171729
0.466899888021526
0.479166666666667
0.466692355253932
0.479351673101673
0.520986516386644
0.475737067006824
0.516122834617193
0.517952183209508
0.480609547580677
0.472105315039172
0.483586636065084
0.472796184738956
0.509457257271183
0.475810094097519
0.517043014241264
0.519581542778751
0.470204108463435
0.479675172066476
0.468002796729977
0.480078908308437
0.464812399572076
0.579250701999765
0.522674624612059
0.522025214491776
0.475487621248731
0.479265873015873
0.51872560415274
0.571366900603885
0.441470006249985
0.471689748084747
0.471252664635258
0.52608211941995
0.48184204358246
0.46628418914766
0.48184204358246
0.466899888021526
0.487442941338251
0.456871649927739
0.479265873015873
0.525311812179017
0.480078908308437
0.466168515347775
0.523245760821062
0.468138296100088
0.451521155985083
0.468140465109285
0.47246103117506
0.466989325043196
0.516555075432485
0.459078590785908
0.475737067006824
0.543539011848871
0.471029874377762
0.470204108463435
0.482760717543326
0.485404183439362
0.464935064935065
0.466502031501797
0.486244276479908
0.527019140504931
0.462082043069521
0.465776792900522
0.463203674159729
0.450747272529451
0.479677699728579
0.471813111344178
0.465437682647442
0.476095238095238
0.58957708957709
0.456436974082547
0.461665194518803
0.592818852687274
0.452695929254234
0.488192233673267
0.51877110419824
0.463203674159729
0.479113746446567
0.461271763020306
0.473532109053032
0.512553745481954
0.444561767154652
0.47663192985516
0.463244743410626
0.468138296100088
0.499932766985554
0.455779213302859
0.466902988460238
0.44873371620993
0.48018509701367
0.475487621248731
0.58930881893437
0.458842350618524
0.479874072265377
0.465776792900522
0.463203674159729
0.467289423351262
0.470819325872517
0.468138296100088
0.451385542700308
0.466168515347775
0.465776792900522
0.594212170485697
0.465994099171981
0.462848977234934
0.546485909093738
0.481397168040277
0.4520540307909
0.492860477085303
0.493472236134762
0.474542738551359
0.472796184738956
0.561085210625958
0.478188860011211
0.474277390508379
0.517043014241264
0.535552242675655
0.472796184738956
0.542170575703602
0.474951747184052
0.477645815722739
0.484198347531232
0.473282519144101
0.484671524931139
0.485305324865657
0.456369317372693
0.59084625052367
0.466825557321007
0.47133616870459
0.46628418914766
0.521441631290923
0.516367217196432
0.512553745481954
0.48855116491925
0.518473018473019
0.47209522196346
0.590699892741618
0.479166666666667
0.607318963088194
0.472404744004287
0.471689748084747
0.47133616870459
0.472796184738956
0.462745387135403
0.47246103117506
0.479450879450879
0.478188860011211
0.466692355253932
0.479677699728579
0.507077041176192
0.495042234042353
0.463109902254621
0.466692355253932
0.532280272008517
0.490192357056642
0.474542738551359
0.482026314990282
0.477821284591821
0.462082043069521
0.519308651905599
0.484198347531232
0.454217266945767
0.525563777307963
0.471187560215542
0.450530697970971
0.467859719194395
0.46628418914766
0.489322661329542
0.461764462877033
0.479950886737477
0.605301946524559
0.472796184738956
0.465680457778601
0.50554389212455
0.479874072265377
0.479677699728579
0.467836441004507
0.458695371083811
0.468197780587161
0.463951748677811
0.477821284591821
0.476588877354592
0.489022851461565
0.482852187255049
0.466902988460238
0.516122834617193
0.465680457778601
0.468138296100088
0.465215257564476
0.526860922193798
0.491279269316442
0.596058721210145
0.462082043069521
0.456871649927739
0.477068235323044
0.463290583644058
0.537804823325871
0.466989325043196
0.466989325043196
0.540595284520648
0.45454878943507
0.472105315039172
0.478188860011211
0.456369317372693
0.53908087171729
0.474951747184052
0.479677699728579
0.471252664635258
0.465776792900522
0.458889750629962
0.480689972670009
0.48678118013335
0.488723364385909
0.462848977234934
0.464325140960577
0.517952183209508
0.471813111344178
0.515148829230906
0.491086694042565
0.458695371083811
0.465994099171981
0.545828828079514
0.466989325043196
0.48893585071202
0.470204108463435
0.465994099171981
0.47209522196346
0.499932766985554
0.466692355253932
0.488608557022097
0.483482802125958
0.581028097949359
0.468002796729977
0.51076385784239
0.48184204358246
0.525919026328862
0.485305324865657
0.534338329926565
0.456014325188456
0.467859719194395
0.48018509701367
0.517043014241264
0.475487621248731
0.466502031501797
0.521441631290923
0.458695371083811
0.469803142721527
0.46487959276904
0.466502031501797
0.592000135418783
0.476904088509127
0.471478866594959
0.593709844879162
0.467773324951543
0.463290583644058
0.463789735587154
0.47246103117506
0.543558516032369
0.456134205487096
0.463109902254621
0.465994099171981
0.479874072265377
0.477382339041939
0.466692355253932
0.468138296100088
0.477821284591821
0.461271763020306
0.517043014241264
0.464325140960577
0.480001392999164
0.484671524931139
0.526339753310301
0.494537459648041
0.485082251388545
0.513264955797786
0.46094888858708
0.483482802125958
0.519296580751114
0.491759103449708
0.477821284591821
0.473282519144101
0.50804223794631
0.465596225548182
0.451385542700308
0.450747272529451
0.461271763020306
0.445792715974361
0.475737067006824
0.48678118013335
0.46628418914766
0.462082043069521
0.48018509701367
0.467289423351262
0.456075567726053
0.48678118013335
0.583225899392998
0.461271763020306
0.476095238095238
0.481485237142817
0.474265162813821
0.465062469176393
0.461271763020306
0.524598595925497
0.46861084535157
0.525563777307963
0.478188860011211
0.473282519144101
0.480078908308437
0.455281073821351
0.493372936248714
0.477821284591821
0.465680457778601
0.581586311665467
0.482608952229205
0.512025435121691
0.470936206010833
0.479874072265377
0.46861084535157
0.482654558796551
0.469185344083635
0.468648187678508
0.466989325043196
0.479265873015873
0.462534176349966
0.466692355253932
0.465776792900522
0.523245760821062
0.471187560215542
0.467994177366378
0.462082043069521
0.488192233673267
0.469185344083635
0.471226761608993
0.457145135566188
0.466989325043196
0.467628667628668
0.596626608181154
0.470646985446985
0.455281073821351
0.516757195594565
0.458578179053849
0.478965572715573
0.455484901372225
0.468138296100088
0.512025435121691
0.479874072265377
0.462534176349966
0.471613931044644
0.535163168939473
0.525919026328862
0.515726705505808
0.467836441004507
0.467836441004507
0.455281073821351
0.48855116491925
0.523629833234282
0.465596225548182
0.52608211941995
0.465251451091264
0.467859719194395
0.483832282913165
0.446107600289066
0.499932766985554
0.477821284591821
0.473891805585625
0.47246103117506
0.47209522196346
0.485607404749048
0.466929170477623
0.464935064935065
0.474951747184052
0.455779213302859
0.516757195594565
0.486244276479908
0.528413492159124
0.538135461262596
0.475737067006824
0.466168515347775
0.515726705505808
0.478813446146267
0.488608557022097
0.576316877329671
0.518368688791224
0.468002796729977
0.48018509701367
0.466692355253932
0.518249385156966
0.466902988460238
0.590909090909091
0.478629551210196
0.477821284591821
0.460534085294579
0.49234782027131
0.480141681163086
0.518275101251285
0.530959039383931
0.463773872928933
0.489022851461565
0.463951748677811
0.505019434679471
0.47209522196346
0.465215257564476
0.575031331640113
0.514086745944776
0.486244276479908
0.438116560479775
0.473282519144101
0.499960483940015
0.478678518591985
0.468138296100088
0.450747272529451
0.467836441004507
0.475487621248731
0.474005516285163
0.522674624612059
0.464176599465337
0.528089134753983
0.473507026399717
0.477647245519708
0.462534176349966
0.531638633439748
0.478188860011211
0.461271763020306
0.505803110053597
0.467773324951543
0.485305324865657
0.529953061634685
0.464176599465337
0.51877110419824
0.467859719194395
0.461271763020306
0.455701420476633
0.521733259060448
0.548625848339041
0.52608211941995
0.488446836226963
0.484198347531232
0.514540887390373
0.465087853323148
0.512096805662866
0.479265873015873
0.48678118013335
0.467628667628668
0.484828295797533
0.48855116491925
0.464007217039254
0.571366900603885
0.478188860011211
0.473282519144101
0.513719097243383
0.472404744004287
0.466989325043196
0.469803142721527
0.479874072265377
0.485305324865657
0.464089098493104
0.480078908308437
0.470936206010833
0.477068235323044
0.464325140960577
0.484828295797533
0.50804223794631
0.483213618535934
0.594212170485697
0.480255513881528
0.467289423351262
0.475487621248731
0.482563089084828
0.456369317372693
0.465994099171981
0.479874072265377
0.465596225548182
0.46861084535157
0.516122834617193
0.465994099171981
0.460668923010862
0.467859719194395
0.46628418914766
0.478629551210196
0.466825557321007
0.48678118013335
0.466929170477623
0.531699438202247
0.463290583644058
0.48678118013335
0.48855116491925
0.466692355253932
0.461375899414765
0.469291517108193
0.484976815188783
0.479166666666667
0.528766121629821
0.48018509701367
0.466989325043196
0.478188860011211
0.468140465109285
0.505019434679471
0.469291517108193
0.485111955104586
0.463290583644058
0.463290583644058
0.471689748084747
0.526624098353219
0.465215257564476
0.590192357556663
0.476265585098393
0.458369851007888
0.492860477085303
0.467787983777832
0.477725890254721
0.475268518518519
0.512096805662866
0.480001392999164
0.521149675859595
0.455701420476633
0.469958766336477
0.488446836226963
0.456585874513594
0.531759601181684
0.482852187255049
0.467773324951543
0.471772780719791
0.478813446146267
0.464325140960577
0.462848977234934
0.581586311665467
0.463951748677811
0.481933534165774
0.46346795406027
0.471772780719791
0.525296355527711
0.474542738551359
0.519296580751114
0.468002796729977
0.535552242675655
0.50554389212455
0.489022851461565
0.527019140504931
0.505803110053597
0.464935064935065
0.51076385784239
0.467773324951543
0.523245760821062
0.467289423351262
0.472796184738956
0.519296580751114
0.527019140504931
0.482211366195741
0.487442941338251
0.479950886737477
0.478127048236524
0.466989325043196
0.466168515347775
0.48855116491925
0.464325140960577
0.519296580751114
0.50554389212455
0.522472244489105
0.478813446146267
0.480078908308437
0.451571005376284
0.471187560215542
0.465087853323148
0.457145135566188
0.467836441004507
0.478188860011211
0.469291517108193
0.47209522196346
0.48855116491925
0.525311812179017
0.471252664635258
0.473792418943189
0.463244743410626
0.473767336289875
0.516367217196432
0.518249385156966
0.479539207198782
0.530065614025823
0.468426501035197
0.460981295685044
0.516367217196432
0.479874072265377
0.478188860011211
0.475737067006824
0.522674624612059
0.465680457778601
0.533035731067797
0.48018509701367
0.529019529897786
0.470819325872517
0.494709208313686
0.47209522196346
0.527019140504931
0.467289423351262
0.45454878943507
0.466902988460238
0.464325140960577
0.462686421437424
0.45560044221144
0.468648187678508
0.464614567887675
0.489322661329542
0.587432344438868
0.534824051395703
0.47246103117506
0.479677699728579
0.479014540097361
0.46094888858708
0.464812399572076
0.550247085483387
0.479950886737477
0.466902988460238
0.465437682647442
0.471772780719791
0.458695371083811
0.516555075432485
0.477821284591821
0.462998927093972
0.491279269316442
0.468002796729977
0.467773324951543
0.48678118013335
0.472105315039172
0.466692355253932
0.546485909093738
0.473792418943189
0.462534176349966
0.518473018473019
0.465276835238018
0.50804223794631
0.468002796729977
0.493372936248714
0.518343856474669
0.529236099153219
0.465994099171981
0.521441631290923
0.471121482408553
0.465596225548182
0.477821284591821
0.478188860011211
0.51877110419824
0.470204108463435
0.537804823325871
0.457582022645593
0.575889213595556
0.458578179053849
0.50804223794631
0.484498325678519
0.482654558796551
0.47133616870459
0.494537459648041
0.466692355253932
0.52764511146171
0.479539207198782
0.482654558796551
0.530910011859302
0.464176599465337
0.480078908308437
0.48184204358246
0.518249385156966
0.468138296100088
0.452695929254234
0.478188860011211
0.485305324865657
0.461568802408409
0.480001392999164
0.466168515347775
0.48018509701367
0.499932766985554
0.52608211941995
0.467859719194395
0.477725890254721
0.46861084535157
0.479166666666667
0.457145135566188
0.476383746506877
0.458842350618524
0.466989325043196
0.472105315039172
0.488446836226963
0.476170347003155
0.475487621248731
0.50499171772501
0.488446836226963
0.466989325043196
0.530959039383931
0.511023903367243
0.488446836226963
0.447908726668621
0.467773324951543
0.467289423351262
0.46628418914766
0.466692355253932
0.466825557321007
0.517952183209508
0.471584085450178
0.474951747184052
0.466502031501797
0.473282519144101
0.460981295685044
0.556132066667911
0.51232775079636
0.464325140960577
0.478188860011211
0.470819325872517
0.484828295797533
0.465215257564476
0.499932766985554
0.525919026328862
0.466989325043196
0.526339753310301
0.480001392999164
0.480078908308437
0.484828295797533
0.521149675859595
0.461271763020306
0.466692355253932
0.485607404749048
0.460534085294579
0.482852187255049
0.594081502472026
0.476904088509127
0.47369093593821
0.467859719194395
0.46316228361986
0.478813446146267
0.493984695298173
0.481919199406968
0.526339753310301
0.518275101251285
0.581028097949359
0.459078590785908
0.490384932330519
0.47209522196346
0.48184204358246
0.475926972909305
0.50554389212455
0.467677124855343
0.466692355253932
0.52608211941995
0.515148829230906
0.46628418914766
0.477821284591821
0.483586636065084
0.48018509701367
0.446107600289066
0.605854912414318
0.481933534165774
0.478629551210196
0.48678118013335
0.517043014241264
0.478629551210196
0.462745387135403
0.477382339041939
0.473532109053032
0.519308651905599
0.48018509701367
0.465437682647442
0.479014540097361
0.466502031501797
0.46837031336839
0.58778127057487
0.479014540097361
0.462082043069521
0.44745953988039
0.488723364385909
0.477647245519708
0.472404744004287
0.48855116491925
0.461271763020306
0.519581542778751
0.514540887390373
0.477821284591821
0.468002796729977
0.54631110442386
0.505710931324685
0.584878861213304
0.494537459648041
0.46094888858708
0.5202301938045
0.467773324951543
0.505019434679471
0.466502031501797
0.464049492789883
0.492860477085303
0.477821284591821
0.465087853323148
0.470819325872517
0.4520540307909
0.47209522196346
0.483586636065084
0.483482802125958
0.540595284520648
0.48855116491925
0.466692355253932
0.461375899414765
0.445800403905846
0.463319072780869
0.457145135566188
0.466825557321007
0.474542738551359
0.484671524931139
0.467859719194395
0.478188860011211
0.483482802125958
0.516555075432485
0.462814095312042
0.480601903567468
0.468002796729977
0.488608557022097
0.489022851461565
0.465776792900522
0.480001392999164
0.466692355253932
0.523629833234282
0.465437682647442
0.525340895518684
0.471252664635258
0.48855116491925
0.466692355253932
0.468002796729977
0.488446836226963
0.464935064935065
0.464614567887675
0.480001392999164
0.477068235323044
0.479677699728579
0.465994099171981
0.476904088509127
0.480078908308437
0.474951747184052
0.46861084535157
0.462354623094605
0.517415702522813
0.473507026399717
0.478188860011211
0.488446836226963
0.483832282913165
0.463109902254621
0.477821284591821
0.494537459648041
0.470376448888967
0.463773872928933
0.462082043069521
0.516367217196432
0.51232775079636
0.479950886737477
0.473507026399717
0.461568802408409
0.468138296100088
0.491086694042565
0.476904088509127
0.579250701999765
0.476265585098393
0.482654558796551
0.457757130911456
0.484671524931139
0.504559439008842
0.478813446146267
0.462534176349966
0.468140465109285
0.488446836226963
0.468138296100088
0.458842350618524
0.46628418914766
0.517043014241264
0.458369851007888
0.484828295797533
0.471121482408553
0.457145135566188
0.533035731067797
0.466825557321007
0.480030767232296
0.464089098493104
0.480601903567468
0.474951747184052
0.458889750629962
0.591217922232934
0.457757130911456
0.466899888021526
0.482026314990282
0.575031331640113
0.464325140960577
0.47663192985516
0.479874072265377
0.479450879450879
0.491759103449708
0.518368688791224
0.517043014241264
0.516555075432485
0.475810094097519
0.472404744004287
0.582132782937737
0.484333591592665
0.519581542778751
0.471584085450178
0.458889750629962
0.47133616870459
0.492670983923777
0.455779213302859
0.46628418914766
0.471584085450178
0.47246103117506
0.482211366195741
0.465437682647442
0.474277390508379
