0.732930847148715
0.562733841977845
0.593286077789895
0.222539700201879
0.64406779661017
0.280701754385965
0.32460517657381
0.59932161348262
0.643139097744361
0.345954851061935
0.243594182825485
0.30112646253423
0.653716065119191
0.654002908793293
0.280701754385965
0.275472223628906
0.667414050822123
0.280052356020942
0.599142526284832
0.346473132271892
0.685120147108766
0.662001214519383
0.278403067905469
0.424004714510215
0.605307164231649
0.529446983043383
0.277777777777778
0.243277821146674
0.275862068965517
0.280487804878049
0.301434676434676
0.658980098529872
0.642359667359667
0.277438001118777
0.280375111607754
0.649118695873663
0.583411507191995
0.587981481481481
0.280267716614622
0.29603547209181
0.279713102939311
0.694228559185025
0.274681937105628
0.685344827586207
0.697900931520644
0.261497731763658
0.53224043715847
0.222077168552364
0.277617212588311
0.280442413605277
0.280487804878049
0.330064732678015
0.432234027296412
0.280786712544072
0.281506506506507
0.221225529632609
0.74557210031348
0.5696042774943
0.671665576317619
0.280487804878049
0.68565164524914
0.280375111607754
0.664819912714019
0.665226775140568
0.293203402112971
0.644444444444444
0.270926147626244
0.273543074324324
0.278020529240041
0.276102228682171
0.283075699022505
0.224626532887402
0.60111124830226
0.301434676434676
0.671966214339273
0.669404621352673
0.569806309251389
0.265894655802913
0.659225184520935
0.662508644536653
0.280786712544072
0.584829961582862
0.279160304293398
0.629931093884582
0.689269150807612
0.224767807654857
0.746681610407876
0.222222222222222
0.531198770491803
0.23358543259859
0.451902961055681
0.357993489088194
0.277456647398844
0.593510859548863
0.687449275139337
0.280123278006758
0.281577221613021
0.280375111607754
0.608568377444351
0.665236025149818
0.41304347826087
0.685344827586207
0.656844656681861
0.616948382406398
0.355621197351171
0.65
0.280487804878049
0.658784370266008
0.645161290322581
0.669509711209718
0.660312475668942
0.28
0.281770771483988
0.222873900293255
0.567229674538491
0.286585365853659
0.679232125470382
0.691027969259578
0.663894556058877
0.280972058244786
0.685051437726621
0.677488086510264
0.699369280688322
0.221212121212121
0.550261549127119
0.280487804878049
0.666666666666667
0.425694980694981
0.280162038158936
0.593286077789895
0.280052356020942
0.634146341463415
0.222355130249867
0.590115488153672
0.664369390593296
0.567229674538491
0.279608915205272
0.680486125019927
0.275862068965517
0.224626532887402
0.280487804878049
0.276922473584546
0.280442413605277
0.667125171939477
0.278020529240041
0.280701754385965
0.652144255293908
0.422166387493021
0.278526220614828
0.274239631336405
0.626006989830446
0.278927141618257
0.276922473584546
0.293951478896643
0.686087714820487
0.278020529240041
0.235375590679485
0.222539700201879
0.221225529632609
0.644444444444444
0.283819280273181
0.276290190456686
0.589285131784969
0.705791715761805
0.231985954869201
0.222940377988932
0.69774385072095
0.221479550124843
0.280885273553337
0.675053477816533
0.278403067905469
0.649319907963593
0.277587158644427
0.2794908285895
0.666666666666667
0.221924961550842
0.576580547112462
0.272727272727273
0.278820598006645
0.279833479975234
0.276191997212382
0.277438001118777
0.223831962051885
0.5696042774943
0.573082775410834
0.739554285973384
0.300240384615385
0.53224043715847
0.249157712378705
0.278403067905469
0.535627823395812
0.280786712544072
0.354222370766488
0.223448464828825
0.265060240963855
0.277456647398844
0.678346831637191
0.276379048582996
0.278604809507598
0.734645516974562
0.577977797243426
0.222222222222222
0.659011227675542
0.666666666666667
0.37037037037037
0.283819280273181
0.678838602648519
0.585049044066284
0.593317384370016
0.659225184520935
0.694228559185025
0.283819280273181
0.676833744699703
0.581213235294118
0.41960061800979
0.650498777782488
0.355417529330573
0.599290278131695
0.599450586409521
0.272727272727273
0.743929824561404
0.280123278006758
0.280487804878049
0.271699905033238
0.665792922673657
0.278403067905469
0.666666666666667
0.589285131784969
0.666666666666667
0.277777777777778
0.737845747191542
0.596825653850536
0.716337846550613
0.639946452476573
0.575204339146484
0.274854779355859
0.280487804878049
0.222873900293255
0.465312628547923
0.603960396039604
0.281173594132029
0.234992334001651
0.529446983043383
0.617647058823529
0.66644591611479
0.274681937105628
0.280442413605277
0.680027700831025
0.288829471182412
0.280052356020942
0.582165350168401
0.586584974658369
0.222539700201879
0.672211846625625
0.537943096020134
0.221212121212121
0.666666666666667
0.277617212588311
0.221847968841991
0.280442413605277
0.302994345783228
0.609117571759887
0.274371307819833
0.599450586409521
0.599672685038539
0.591498382923299
0.625508130081301
0.605942112928985
0.53224043715847
0.647711874846021
0.35448210664349
0.223260869565217
0.272261072261072
0.271604938271605
0.284088337051767
0.280972058244786
0.604522331751247
0.684981834422695
0.277438001118777
0.685344827586207
0.279012345679012
0.280487804878049
0.279902676399027
0.619466073414905
0.651768450963007
0.691677837354781
0.278020529240041
0.273183303997988
0.605248292219404
0.273297445533492
0.663316567376471
0.277777777777778
0.277777777777778
0.347083775185578
0.275559980089597
0.280487804878049
0.684484126984127
0.272727272727273
0.63476800976801
0.453853904669605
0.529446983043383
0.276290190456686
0.279373736559295
0.224767807654857
0.595616405452471
0.597710806564246
0.685426036981509
0.274371307819833
0.275951867816092
0.685552407932011
0.286775781623131
0.659472596559653
0.643492704533611
0.2771552531369
0.277777777777778
0.653552080275413
0.280375111607754
0.666666666666667
0.276662652214639
0.277777777777778
0.283232931726908
0.685315465564221
0.280375111607754
0.659305283880141
0.636363636363636
0.69808369776482
0.280487804878049
0.619419113186606
0.290521666918315
0.694029850746269
0.620696763553906
0.714901477832512
0.233721604855625
0.26797385620915
0.594989015587405
0.658333333333333
0.653453689167975
0.277456647398844
0.665792922673657
0.222539700201879
0.280972058244786
0.265060240963855
0.277777777777778
0.731625470617122
0.660714285714286
0.552577728426396
0.742697228144989
0.322401433691756
0.270783847980998
0.298743962532592
0.285330261136713
0.303732176884158
0.272170501679146
0.278403067905469
0.277395808806216
0.53224043715847
0.278201632242593
0.280442413605277
0.273170731707317
0.587877551020408
0.248539098125317
0.693090359763374
0.275951867816092
0.589285131784969
0.603299860867461
0.719927920288319
0.685315465564221
0.655126313848423
0.279012345679012
0.271516754850088
0.295538330655071
0.283687943262411
0.63450328407225
0.280267716614622
0.280487804878049
0.605942112928985
0.279608915205272
0.221225529632609
0.221118189986115
0.277709527709528
0.221924961550842
0.421410499683744
0.586000623580241
0.280375111607754
0.278020529240041
0.5696042774943
0.279160304293398
0.241036414565826
0.586000623580241
0.678520625889047
0.277878058563979
0.589285131784969
0.636363636363636
0.268496240601504
0.275864371793704
0.234630572641519
0.691027969259578
0.278865307998774
0.685938066840855
0.599889135254989
0.280487804878049
0.573300438596491
0.223152168837839
0.685120147108766
0.601727869831318
0.26027397260274
0.678744962108834
0.606222345132743
0.314640111809923
0.423818824404762
0.53224043715847
0.569806309251389
0.655446600689518
0.285714285714286
0.276918996741684
0.280375111607754
0.590115488153672
0.273490710485096
0.280442413605277
0.280052356020942
0.668467318354246
0.415835387272692
0.275472223628906
0.278020529240041
0.280701754385965
0.434645883625476
0.570574472455149
0.222539700201879
0.280375111607754
0.277617212588311
0.685426036981509
0.280267716614622
0.233112628220522
0.663309352517986
0.247227328431373
0.295538330655071
0.222355130249867
0.273170731707317
0.672340528272732
0.53224043715847
0.273733406406041
0.41304347826087
0.655172413793104
0.724068965517241
0.618181818181818
0.284088337051767
0.58554266808932
0.222355130249867
0.60131628269081
0.680113269710974
0.279101279384887
0.686589302296919
0.270339216767788
0.280487804878049
0.279665898617512
0.224460807050093
0.685157421289355
0.643896246483222
0.463319088319088
0.278445051783659
0.277777777777778
0.584966199172636
0.251316117591643
0.279160304293398
0.453853904669605
0.241227770177839
0.688112194673258
0.604227582846004
0.30525226985404
0.661168174500601
0.280701754385965
0.277617212588311
0.664804436581117
0.562457471354268
0.659305283880141
0.671439876012727
0.674823943661972
0.280487804878049
0.5696042774943
0.280267716614622
0.688112194673258
0.270783847980998
0.681717785678182
0.599290278131695
0.284437613843352
0.244752328801611
0.623572406295231
0.281211797066015
0.658289007092199
0.699144394138552
0.279012345679012
0.604522331751247
0.274780817776434
0.641598119858989
0.277777777777778
0.280052356020942
0.701863354037267
0.282198059585466
0.22873184853154
0.221479550124843
0.280701754385965
0.657882419674208
0.286351617663078
0.280487804878049
0.221118189986115
0.35448210664349
0.280885273553337
0.282608695652174
0.617647058823529
0.273183303997988
0.670187508216182
0.280701754385965
0.28108266483461
0.272727272727273
0.66799738637088
0.599073940327732
0.277878058563979
0.225498052937525
0.280442413605277
0.652144255293908
0.662968099861304
0.225168519262533
0.605065256190972
0.280487804878049
0.277709527709528
0.224574914342438
0.599889135254989
0.700654279322963
0.681851653501138
0.597500691371681
0.274862637362637
0.614730267010489
0.274611398963731
0.666666666666667
0.590115488153672
0.589285131784969
0.283510638297872
0.598760709914321
0.597710806564246
0.268288738606292
0.6978314870762
0.599073940327732
0.280701754385965
0.650624573996022
0.283987142961502
0.280375111607754
0.277709527709528
0.53224043715847
0.587981481481481
0.274304063923017
0.567229674538491
0.278728606356968
0.646606334841629
0.275951867816092
0.666666666666667
0.60111124830226
0.438297706350445
0.698907690472539
0.576326683977804
0.280375111607754
0.562568681318681
0.597453054176559
0.222539700201879
0.276014527845036
0.231095966739531
0.616524070004831
0.346473132271892
0.662796033934699
0.249382475100786
0.603448275862069
0.280487804878049
0.278737125478136
0.281173594132029
0.589724824355972
0.60111124830226
0.280123278006758
0.720801386759117
0.273297445533492
0.586000623580241
0.597710806564246
0.280267716614622
0.241036414565826
0.653453689167975
0.59687954141272
0.596825653850536
0.694029850746269
0.5696042774943
0.280442413605277
0.644970900175325
0.280375111607754
0.659582269733595
0.346219332590969
0.584388352587435
0.225265348985486
0.273297445533492
0.277777777777778
0.701649883114548
0.279902676399027
0.703408775164818
0.588056308654849
0.273733406406041
0.635736058812982
0.267606799410762
0.36112763865894
0.284745217071376
0.685344827586207
0.589285131784969
0.662096380107507
0.224660612731609
0.273644564899289
0.600388681852636
0.224969437652812
0.69375059510585
0.661168174500601
0.346473132271892
0.298301691850704
0.683482942972551
0.275951867816092
0.277985308671229
0.674302665859953
0.283292282430213
0.653790893015031
0.224660612731609
0.275974683544304
0.64875690109335
0.648148148148148
0.661971830985915
0.280487804878049
0.69808369776482
0.614283340363794
0.633671594786108
0.678095988274805
0.68630272252786
0.278927141618257
0.666666666666667
0.280375111607754
0.672039074922464
0.277777777777778
0.558094018657399
0.661971830985915
0.676492310365801
0.5967658996962
0.666666666666667
0.280487804878049
0.280972058244786
0.280375111607754
0.279608915205272
0.653974166223248
0.262320380489779
0.680818875333956
0.611792337838958
0.23101788026904
0.588056308654849
0.645427860696517
0.221225529632609
0.277777777777778
0.278795899222729
0.222539700201879
0.284088337051767
0.585049044066284
0.254917224306657
0.277777777777778
0.666666666666667
0.294266945356823
0.280487804878049
0.250656330749354
0.278275464802161
0.280701754385965
0.278728606356968
0.638297872340425
0.243867570718811
0.666666666666667
0.300600021429337
0.234382329750177
0.684210526315789
0.53224043715847
0.589852750576037
0.280701754385965
0.675053477816533
0.254385964912281
0.666666666666667
0.286567536727999
0.692690912754382
0.28108266483461
0.285012077294686
0.277777777777778
0.677556818181818
0.616025641025641
0.223368794326241
0.278201632242593
0.280489417989418
0.224626532887402
0.222355130249867
0.284857224239835
0.264367816091954
0.673076923076923
0.734945637022582
0.68245700622971
0.593286077789895
0.529446983043383
0.646606334841629
0.261008031016339
0.277456647398844
0.62472173733506
0.588642269790967
0.277438001118777
0.410955189747306
0.277777777777778
0.234382329750177
0.686344089285533
0.281173594132029
0.276706074140833
0.685120147108766
0.280487804878049
0.283819280273181
0.607229308748
0.569098143236074
0.279101279384887
0.67920679939719
0.280701754385965
0.277587158644427
0.666666666666667
0.277214897655569
0.614599055455475
0.280487804878049
0.426019105569976
0.682117880013482
0.666666666666667
0.346879792379379
0.655446600689518
0.586363636363636
0.279012345679012
0.279041056560436
0.294461486025903
0.662508644536653
0.277617212588311
0.666666666666667
0.222539700201879
0.684210526315789
0.26027397260274
0.60111124830226
0.603512683918424
0.287155444594792
0.280487804878049
0.287155444594792
0.280442413605277
0.685817601679172
0.568589761669722
0.284745217071376
0.658090689060838
0.225265348985486
0.567229674538491
0.647952194576461
0.689349112426036
0.645161290322581
0.222355130249867
0.281173594132029
0.672413793103448
0.274600781449078
0.589285131784969
0.279608915205272
0.648446381205002
0.634816145393068
0.665760869565217
0.280487804878049
0.22884819655475
0.64406779661017
0.583899157132923
0.222355130249867
0.295538330655071
0.224767807654857
0.280375111607754
0.589933137261381
0.600388681852636
0.64406779661017
0.5924041829796
0.654002908793293
0.300259067357513
0.280442413605277
0.647573362917966
0.604779879810842
0.603022694665449
0.221810434591988
0.277617212588311
0.277777777777778
0.280162038158936
0.280375111607754
0.278986078276858
0.68552560530465
0.27710843373494
0.577866130530658
0.277617212588311
0.589933137261381
0.275472223628906
0.664415186862182
0.660726499902287
0.268115942028986
0.465576036866359
0.659472596559653
0.609117571759887
0.280052356020942
0.685315465564221
0.692473336868159
0.277777777777778
0.281770771483988
0.589285131784969
0.648446381205002
0.668038432010116
0.666666666666667
0.234382329750177
0.283950617283951
0.293599242193579
0.275864371793704
0.281173594132029
0.68653467062366
0.286131996658312
0.64406779661017
0.411764705882353
0.26797385620915
0.280487804878049
0.661257050058156
0.65
0.679747780309578
0.324324324324324
0.676470588235294
0.224767807654857
0.61600464037123
0.277777777777778
0.299433219123251
0.355999601638971
0.66618806329521
0.250656330749354
0.280375111607754
0.66344158945458
0.669896207691895
0.395114322691976
0.599450586409521
0.65
0.648446381205002
0.221118189986115
0.739554285973384
0.280638646977155
0.280442413605277
0.586000623580241
0.692473336868159
0.294911280684012
0.224090823440739
0.64
0.284437613843352
0.651750376931775
0.594989015587405
0.267582081115455
0.301279087686855
0.280123278006758
0.444727158850701
0.734093974820144
0.229069464638354
0.222920076511999
0.222077168552364
0.658980098529872
0.293599242193579
0.286549707602339
0.597710806564246
0.277587158644427
0.660559454995871
0.65
0.538986354775828
0.273596326922198
0.670833333333333
0.653716065119191
0.689759507538213
0.636541193181818
0.224090823440739
0.665760869565217
0.280442413605277
0.662576259466212
0.277777777777778
0.22795913835221
0.659011227675542
0.281173594132029
0.278795899222729
0.277777777777778
0.222222222222222
0.592131685120024
0.604625690924374
0.281506506506507
0.674262857430365
0.589285131784969
0.278889467256602
0.234382329750177
0.220959890574084
0.225168519262533
0.222355130249867
0.282043891793964
0.426313698064024
0.608783309957924
0.248723659190956
0.544379455669778
0.593510859548863
0.616638225255973
0.222716293876493
0.323926868044515
0.273596326922198
0.314865970943319
0.280972058244786
0.283132530120482
0.589285131784969
0.280442413605277
0.693388356799223
0.276290190456686
0.702202230082908
0.645161290322581
0.648178308601761
0.415835387272692
0.27319587628866
0.597500691371681
0.276102228682171
0.269917422039187
0.589285131784969
0.283819280273181
0.529446983043383
0.277777777777778
0.64406779661017
0.593391136801541
0.60867092051244
0.283510638297872
0.273297445533492
0.696596810322407
0.280052356020942
0.590993578911795
0.587981481481481
0.441245512289423
0.278403067905469
0.281173594132029
0.677488086510264
0.276706074140833
0.27319587628866
0.277261956053425
0.438977879481312
0.642099792099792
0.280786712544072
0.280786712544072
0.267515923566879
0.27361979449002
0.316331625279201
0.280925628678438
0.702621904415626
0.652088226607221
0.573829489867226
0.224660612731609
0.344589229359666
0.661064425770308
0.291149909692956
0.277777777777778
0.280487804878049
0.600388681852636
0.26797385620915
0.224767807654857
0.352786377708978
0.663480894687791
0.224767807654857
0.289514462809917
0.399893955461294
0.221212121212121
0.280487804878049
0.280123278006758
0.291149909692956
0.222716293876493
0.660476571639677
0.64037037037037
0.222857562959998
0.74572618351841
0.222355130249867
0.280052356020942
0.604342051710473
0.728892760969428
0.273297445533492
0.286567536727999
0.53224043715847
0.646325711323481
0.281173594132029
0.688046944763363
0.658434959349594
0.291781701444623
0.647058823529412
0.5696042774943
0.67887323943662
0.664838861223339
0.638888888888889
0.270935960591133
0.224767807654857
0.227667292057536
0.652030927835052
0.224660612731609
0.280162038158936
0.280375111607754
0.408039660662516
0.598130070718903
0.274752475247525
0.577977797243426
