0.602436323366556
0.601078174949143
0.469109532208554
0.40828071429517
0.46881079766537
0.466440655928288
0.460774432435524
0.47786358937659
0.465501379944802
0.444570187881178
0.413703645174884
0.463366075928341
0.581204031883407
0.531903033019861
0.49197027048812
0.446312113475845
0.530909207306478
0.436191342469022
0.489593243173221
0.44773201441473
0.572516044493834
0.54296203823024
0.433014171400647
0.453811183821581
0.570134448270208
0.471227949147531
0.448146239627927
0.408386220478677
0.435531540441872
0.44114498047613
0.473742885642199
0.543428976149145
0.578114279456561
0.436866508876683
0.448910536794246
0.492195045232631
0.478218698604141
0.516574605872355
0.447119256516348
0.470146751822235
0.443952097216317
0.600630796666689
0.429539274693715
0.576272953033516
0.610653799473505
0.629330943847073
0.472011477761836
0.385707317558756
0.439826517619743
0.44047508962065
0.441538400040394
0.50928102994953
0.47527459354991
0.450526549163064
0.469728156665341
0.390893333780993
0.681997863247863
0.471593813439266
0.555950202273165
0.441600070205511
0.587382854144689
0.438610488926588
0.574986772632577
0.538515481713238
0.464051589289548
0.471298447024866
0.434095602022168
0.440774487471526
0.434927697441602
0.436765810115535
0.440947206211976
0.396133009527368
0.479089723846255
0.45895048726374
0.576886319261948
0.543752933813175
0.461286624354383
0.427298030773662
0.566386639481429
0.545589527720298
0.450526549163064
0.512834239279635
0.439711907645528
0.525240183792815
0.581035161006313
0.406931300648399
0.671024151287309
0.390228601156777
0.461976698903096
0.383974596209257
0.451517768055875
0.46449965145542
0.438039781626169
0.47036092366743
0.604485153256705
0.439376417975421
0.463112622270715
0.438358360319582
0.482161929498706
0.578185636670776
0.467863082783411
0.581035161006313
0.552510844177511
0.515157090703457
0.451226940583859
0.515462528255955
0.447683403549669
0.580865807994475
0.469568375638349
0.567309941520468
0.564102564102564
0.443495326372797
0.463984357396141
0.419701982448748
0.473500853541896
0.435531540441872
0.59831311426939
0.598033846616412
0.57529028049576
0.457547169811321
0.549313413557682
0.593322545846818
0.610253498798883
0.364784896965254
0.458720389596695
0.4463855830197
0.585439178127046
0.482425287995993
0.438049236281641
0.483291198870909
0.439740699774582
0.567184240089873
0.403922988671835
0.471533328778666
0.588636974983668
0.473500853541896
0.43699065792089
0.592021139118251
0.441112300737568
0.362352080840314
0.441538400040394
0.450324035530107
0.439279214382969
0.556646801474388
0.427945122551787
0.455404445178881
0.589679668816945
0.453798672717976
0.444878082212644
0.460198536359499
0.527702216588441
0.434986338797814
0.438117787153283
0.478316185418741
0.592279153445784
0.428152179827538
0.429619702950528
0.412885255698796
0.39164664657006
0.471227949147531
0.45310278436019
0.434947857249586
0.467948518396015
0.62492672919109
0.401932019055814
0.410462333081381
0.619757917584246
0.394889961439537
0.473138373498258
0.579398301922849
0.433541472144413
0.5370995995996
0.425789363374959
0.447851047754775
0.563016073116924
0.383248358906206
0.466828830309148
0.429588321294675
0.44351332398317
0.51566835001091
0.419700555345197
0.440539187144605
0.379354036270262
0.474876321288102
0.466114814156601
0.622546761612058
0.429035488975581
0.472011477761836
0.427645735438702
0.433541472144413
0.445953632813701
0.444670095064182
0.447142783260551
0.393196998646319
0.434891002370996
0.438039781626169
0.612921533448061
0.437172199796798
0.432098765432099
0.608695652173913
0.477855348342835
0.390075967715719
0.543650387138161
0.575661295580497
0.459829534355305
0.449905644192829
0.603139408017457
0.471298447024866
0.468317663623564
0.566386639481429
0.599788246266565
0.449905644192829
0.594829479751992
0.465116279069767
0.471973597359736
0.524172070402964
0.457905890256919
0.513806759826958
0.512660184245274
0.416378094907158
0.636907091769562
0.438465137811546
0.446428571428571
0.438072809827137
0.569741725951129
0.536270035117735
0.563016073116924
0.519588864972625
0.569569633905086
0.448814826274947
0.620708075449455
0.48517871584849
0.654150918172648
0.464417344173442
0.461715999186125
0.441538400040394
0.453148957234338
0.41007597956347
0.460774432435524
0.492386669138778
0.46014265050626
0.431356710697203
0.471227949147531
0.558376597207406
0.545228497042556
0.429539274693715
0.438465137811546
0.594928917735104
0.471625435345435
0.450362292855086
0.478170100753381
0.466798416666991
0.409788792713244
0.57321780776781
0.476063785877197
0.387637374373872
0.588419535722688
0.444987869789654
0.3825870444613
0.44047508962065
0.4422594600737
0.523046492322098
0.42697825295497
0.476937549750344
0.613572534068174
0.464351478135141
0.458697963175575
0.534647185345089
0.472011477761836
0.47359144549638
0.446724171351037
0.378923042914236
0.438614493475756
0.432432432432432
0.457552052814563
0.450967035315489
0.521405770317535
0.564321755192143
0.440539187144605
0.581035161006313
0.436925657518961
0.441600070205511
0.436191342469022
0.607843137254902
0.552558327558328
0.619546918459962
0.428152179827538
0.425145420487035
0.468317663623564
0.429382055164174
0.586206896551724
0.441945849983637
0.441945849983637
0.606717423559462
0.417202685184421
0.450198311993428
0.551090127437433
0.416378094907158
0.599784225159998
0.463216555588747
0.471227949147531
0.447761194029851
0.436821280473246
0.408663972064121
0.47045472946987
0.52057931611419
0.573612038387885
0.428152179827538
0.433730918544803
0.583211222625129
0.453093112244898
0.567309941520468
0.530105583090813
0.423870215335916
0.438958415984419
0.593602336222447
0.438610488926588
0.565945697192821
0.44586038961039
0.438958415984419
0.44891227969541
0.574268608938774
0.438358360319582
0.536697247706422
0.53478415787909
0.610244988864142
0.441207114320253
0.60010718113612
0.470588235294118
0.606342310929997
0.532932791626498
0.602409927663776
0.405530687990825
0.437633820706249
0.478539792658788
0.561619019257494
0.469864377110636
0.441274293728712
0.569741725951129
0.40828071429517
0.444008505296597
0.42974642869223
0.439431258181258
0.619126458530432
0.513442178626742
0.460384358404654
0.637132457893234
0.445714379015601
0.427962178666404
0.432612388596189
0.45114289446186
0.590220856102004
0.413767896753378
0.43258624333034
0.439257404666815
0.472011477761836
0.45969883880682
0.438465137811546
0.438058080204098
0.470004916420846
0.422121073031416
0.596134182790624
0.433730918544803
0.47454037250507
0.510696036810128
0.602564102564103
0.575953547480896
0.522145963616516
0.526938168352952
0.426034806655375
0.473983765159331
0.585199933631989
0.542239969872878
0.455702431974484
0.448453608247423
0.535711482923154
0.436279539069406
0.391819894286999
0.381087069344086
0.426307417536418
0.383126664693696
0.462797483165537
0.515503042119063
0.437805926315035
0.428880480362425
0.474876321288102
0.442110515810484
0.407449248788997
0.515503042119063
0.60630782259419
0.426558683100155
0.467948518396015
0.53172816458013
0.446320572496121
0.433262711864407
0.418223016711635
0.598496950334011
0.448449363611656
0.591120229939466
0.473138373498258
0.448453608247423
0.476228149487643
0.391409578751629
0.572720090990929
0.478605899283689
0.434388071958324
0.602605863192182
0.526790321086959
0.535011532455257
0.454545454545454
0.472011477761836
0.458111658456486
0.513271658465029
0.446276460780049
0.443905381152726
0.438610488926588
0.471533328778666
0.426636568848758
0.438465137811546
0.436458333333333
0.577691256441648
0.453923112922188
0.442110515810484
0.428152179827538
0.473138373498258
0.454792026974
0.463740796896556
0.404461643225688
0.439363137805265
0.442359986947258
0.618161457803115
0.450198311993428
0.403694818621645
0.585366968589085
0.414439917216401
0.46358407980456
0.401891517238295
0.438058080204098
0.560288902795161
0.472011477761836
0.427002922655097
0.462535678184684
0.617032752645229
0.602302651391951
0.574277008100538
0.442095102621418
0.454369745703236
0.397450410853681
0.524449026266547
0.591266264661922
0.436279539069406
0.595882990249187
0.427722383625269
0.441720276627397
0.466810662364669
0.385135739523234
0.573921502283878
0.469301237404562
0.463104516099324
0.450783520132835
0.448814826274947
0.515875602081445
0.432115864710509
0.433578797663572
0.463216555588747
0.407168362237463
0.581048670764218
0.492152748415073
0.597429228080316
0.591415356652377
0.457192412830598
0.439826517619743
0.578548382735966
0.481671737353556
0.536697247706422
0.6
0.605351336839907
0.441207114320253
0.474876321288102
0.438811302812118
0.592268291436746
0.436458333333333
0.614238200823567
0.470588235294118
0.456471048770029
0.416666666666667
0.527805389882925
0.467626346313173
0.576529206070315
0.599777652534811
0.431128822632238
0.521405770317535
0.432092163464712
0.550594657375145
0.448814826274947
0.436191342469022
0.609716574068771
0.525469308029068
0.446661212802945
0.321100917431193
0.44895503474118
0.53342622438623
0.477715940719508
0.441600070205511
0.384283488045352
0.446724171351037
0.456096717641992
0.452979712711163
0.601108041743401
0.432432432432432
0.581019509946687
0.44813867720771
0.457584204413473
0.425392873035635
0.588190595387091
0.47357442973979
0.426091275447605
0.46041350200837
0.439917469519267
0.524055879836965
0.587858312858313
0.415712428045089
0.555120303364815
0.441720276627397
0.426307417536418
0.398826200242499
0.568231472267024
0.610678531701891
0.595102112209357
0.518158266603862
0.463066331195802
0.550295857988166
0.434891002370996
0.554360929766788
0.471533328778666
0.531015492730392
0.441176470588235
0.514329373029134
0.520342826652438
0.432290179441506
0.608647450110865
0.47357442973979
0.44895503474118
0.568810782938207
0.454545454545455
0.439363137805265
0.44212250057458
0.472011477761836
0.510563511251627
0.43258624333034
0.473500853541896
0.448834728834283
0.471298447024866
0.434498162709012
0.539730563367504
0.534370731127873
0.473549452638064
0.622136914284355
0.477544229006078
0.439651022609951
0.466033221991514
0.487793416467999
0.394050322584961
0.435832507001012
0.442953020134228
0.448717948717949
0.44773201441473
0.566708648194794
0.431654901172299
0.437960074618201
0.44114498047613
0.436523199023199
0.462145124386143
0.452786982861285
0.483977061443335
0.437888198757764
0.604088249047414
0.429791794941963
0.515503042119063
0.520342826652438
0.438811302812118
0.41347563726596
0.464055261170286
0.521359917267391
0.48517871584849
0.604011348328583
0.474876321288102
0.439279214382969
0.47065231919326
0.440920613700427
0.54271025027604
0.448122993815079
0.491058743450235
0.41237635647748
0.429791794941963
0.446499649964996
0.601926287799147
0.436191342469022
0.621621621621622
0.467949386683717
0.423225016962295
0.543650387138161
0.43804364268966
0.466887745614579
0.453819249191403
0.580708295223774
0.47454037250507
0.580163799434714
0.402298850574713
0.4375
0.52112676056338
0.395566475566476
0.599784225159998
0.539041734376378
0.445714379015601
0.454545454545454
0.552486017287717
0.434498162709012
0.432144019052613
0.601941747572816
0.437126166013417
0.538580014495891
0.41437595275668
0.452082762579416
0.576770738059435
0.472297822480539
0.569035604149145
0.441207114320253
0.607777777777778
0.539150470847526
0.539687531682367
0.593080832211267
0.584849375819275
0.434986338797814
0.561508706407334
0.440587637299634
0.574074074074074
0.441600070205511
0.462373343555877
0.569035604149145
0.591392202042107
0.490715135138939
0.550037309525056
0.458811561247083
0.455268735566733
0.438610488926588
0.43699065792089
0.530398540925514
0.431570225230207
0.583574879227053
0.556995601517644
0.482613003643677
0.471593813439266
0.473500853541896
0.36643953769191
0.446428571428571
0.435332706256546
0.404461643225688
0.442095102621418
0.471298447024866
0.434166563031132
0.450362292855086
0.531903033019861
0.575407081933316
0.4459159144427
0.44143201779185
0.432790732692597
0.448968390868971
0.529887588287468
0.567293352770656
0.442751958668801
0.59223211149581
0.457221549074826
0.417721518987342
0.584447477865945
0.472011477761836
0.47065231919326
0.455404445178881
0.590155342475169
0.427973487889981
0.591960098175014
0.462145124386143
0.601117318435754
0.444008505296597
0.531747518793577
0.448814826274947
0.593733638743456
0.451862658982921
0.388130676013569
0.437621799547401
0.434498162709012
0.410498789250129
0.395333026565649
0.445031925168121
0.428880480362425
0.557311191302012
0.620512987012987
0.601713847946456
0.469109532208554
0.471227949147531
0.473975475576573
0.424404937163795
0.437172199796798
0.607415485278081
0.47359144549638
0.440539187144605
0.446753246753247
0.449443370537473
0.414541693758893
0.587382854144689
0.459146207680907
0.427594850873195
0.572516044493834
0.441207114320253
0.442423485142552
0.50928102994953
0.459146207680907
0.439279214382969
0.595926648889175
0.455455565799495
0.428496240601504
0.569569633905086
0.435503947567616
0.558643564459423
0.441207114320253
0.536828837142079
0.592905135897349
0.58984375
0.442
0.580980495332938
0.463828502415459
0.437433135500229
0.457683069471967
0.460982057984791
0.558661099006083
0.4463855830197
0.592728898366737
0.405519265834452
0.638242625675114
0.419883736220386
0.534370731127873
0.481447544052586
0.472099724159741
0.446428571428571
0.487909834222338
0.438465137811546
0.606593605651662
0.47121824241227
0.468013828368541
0.586549413001577
0.41714453381641
0.473500853541896
0.53876710147627
0.581383948928409
0.461901946027309
0.392271900670973
0.462184969203189
0.524779094720003
0.427466572330913
0.47454037250507
0.437656907656164
0.478539792658788
0.545589527720298
0.584998984145666
0.44114498047613
0.436401092673195
0.462135492293551
0.479089723846255
0.404716308975584
0.458218858566886
0.407861900996937
0.439363137805265
0.462651694797043
0.52112676056338
0.47036092366743
0.467122791436851
0.541597452934662
0.487909834222338
0.439279214382969
0.588320545609548
0.574712643678161
0.520504822550274
0.378462063215341
0.441945849983637
0.441600070205511
0.437710709497425
0.438358360319582
0.439220762818894
0.581880404187676
0.45044449823411
0.466342997288361
0.439497773554938
0.465116279069767
0.425884955752212
0.609176418235964
0.565520223299017
0.432184919608488
0.467483143001535
0.46755297080777
0.517143879125331
0.436191342469022
0.574268608938774
0.592323440311792
0.441945849983637
0.558873044167162
0.47454037250507
0.476937549750344
0.530701445720146
0.574137707145069
0.418223016711635
0.440837525161654
0.47803757476365
0.422434769479143
0.469219490187232
0.619528619528619
0.460584081980274
0.469654528478058
0.450819802496704
0.42809916652905
0.456730769230769
0.530041233663523
0.492863987455718
0.592691569552349
0.588595136051032
0.605088495575221
0.408980753105628
0.565382845630573
0.448814826274947
0.470588235294118
0.459099357891179
0.550406391740071
0.433604071194088
0.438358360319582
0.582651266837333
0.566911900227315
0.44500789574329
0.472297822480539
0.515462528255955
0.478539792658788
0.342105263157895
0.670454545454545
0.467623879674462
0.457552052814563
0.515503042119063
0.597236279675032
0.463122571529495
0.413729752108886
0.469036190235584
0.45130061385972
0.585281809480995
0.478539792658788
0.436374959845502
0.473199588477366
0.438168060715181
0.455268735566733
0.625870538239049
0.433189655172414
0.410583984697853
0.385707317558756
0.541804635761589
0.460198536359499
0.447142783260551
0.520342826652438
0.425789363374959
0.58235784045272
0.605116954722734
0.469301237404562
0.437860203031075
0.595301960522042
0.552290922527405
0.609030837004405
0.544519220605335
0.403869130237524
0.569890561884147
0.439917469519267
0.547317948717949
0.439495919210022
0.41410291493332
0.543650387138161
0.459146207680907
0.435332706256546
0.442698040184453
0.390228601156777
0.467623879674462
0.527135592531491
0.469728156665341
0.592279153445784
0.519588864972625
0.441450516783655
0.417920741121976
0.359613990576296
0.40677445611958
0.404716308975584
0.439826517619743
0.468317663623564
0.515917146120313
0.435883500557414
0.469369083406464
0.508555484521948
0.591985880673854
0.413375526582413
0.464004477684511
0.437860203031075
0.481024969606284
0.485215745014593
0.438039781626169
0.47454037250507
0.438465137811546
0.596982408220336
0.434947857249586
0.601926287799147
0.463550144565597
0.520342826652438
0.450324035530107
0.442717919319313
0.518158266603862
0.436716689242176
0.434849618681839
0.47454037250507
0.455346922222925
0.471227949147531
0.438781859724979
0.470377019748653
0.476937549750344
0.466190445524214
0.443699255524692
0.426864332853901
0.6
0.452884768949708
0.469654528478058
0.516574605872355
0.481115937365937
0.43258624333034
0.459146207680907
0.58572159425466
0.445953632813701
0.430099356146027
0.430684112321057
0.552160576153641
0.565520223299017
0.465492307329403
0.450526549163064
0.425395699611097
0.437926071807302
0.483018015966973
0.459295871825714
0.613572534068174
0.48056981777912
0.508401503837609
0.406635872928905
0.476543321845335
0.532298102987279
0.46755297080777
0.428496240601504
0.441991561181435
0.52112676056338
0.438484312996032
0.409108585149361
0.444570187881178
0.569234926453311
0.406635872928905
0.481597458832558
0.462980532714878
0.391809121608973
0.570956454467041
0.438465137811546
0.467671149953654
0.416571388251159
0.529592180653859
0.464552658670306
0.405994244460709
0.632866980735762
0.405296532084647
0.439740699774582
0.482627247790308
0.612939841089671
0.432417932954414
0.453035757759867
0.472011477761836
0.475401637013567
0.478081974513356
0.594634840222855
0.562001724899556
0.546586305125205
0.470640971237708
0.464630924630925
0.607765741796529
0.523229587101509
0.602409927663776
0.443880036076272
0.409620558707317
0.419988927897662
0.554016223090762
0.402618363720613
0.437710709497425
0.446093499980916
0.455530587032461
0.481597458832558
0.435805768212239
0.465614355506584
