0.690096034959686
0.620168222327691
0.437712501267467
0.357142857142857
0.566812818322736
0.537348470573456
0.558758940484263
0.444444444444444
0.435988067934823
0.405060886539457
0.367271355529566
0.416215741905291
0.553642776628229
0.461163555492465
0.57662399492171
0.39721099338841
0.653846153846154
0.392997250910172
0.448052484309115
0.408408198897321
0.608913718187461
0.465981313555929
0.387233579817312
0.420042229355201
0.608315098468271
0.439568739417682
0.403634187436573
0.365432098765432
0.390462486337835
0.397032931065131
0.424093651023911
0.483082467670129
0.541758443465492
0.393405299059009
0.407575850577623
0.441825665177313
0.441191250369495
0.451130268199234
0.401380114916987
0.566467574454095
0.396422126661665
0.666666666666667
0.383776408450704
0.61145060057499
0.684931506849315
0.677083333333333
0.440186956008457
0.347738073961681
0.396062503185243
0.396073903002309
0.397118476093896
0.601804979728337
0.432862558365309
0.402273387799916
0.538128349830549
0.348009713863372
0.711175710594315
0.440386954894254
0.603543851731209
0.397032931065131
0.617081285831286
0.394898260972436
0.56
0.6
0.410287350680993
0.440831798858806
0.381688466111772
0.396440536452274
0.393405299059009
0.390315209813064
0.395759717314488
0.353212874022815
0.445023564356005
0.411895418598476
0.608258928571429
0.484411545238498
0.432373887543553
0.379164537782554
0.545977534033707
0.468058845417336
0.402273387799916
0.449597249236541
0.396079120175854
0.45303020398825
0.611479028697572
0.357329905741217
0.707446230227038
0.349185973062738
0.433253233585757
0.404761904761905
0.420770761300237
0.423983913953931
0.393922292906492
0.438884797905416
0.674698795180723
0.395652173913043
0.411290630322892
0.395000611172228
0.443415863090453
0.558801077682982
0.582178690874343
0.611479028697572
0.469647406450136
0.609125573657919
0.411904819292482
0.579776505156183
0.400748044569067
0.557101409229069
0.564856166956735
0.548201068737761
0.544637081870264
0.396202400675151
0.412258893239688
0.360153256704981
0.441175655584391
0.391652432979606
0.650445970479122
0.674707352135816
0.538105162392575
0.485722060533236
0.607725464190982
0.658444247264123
0.689181036123482
0.340609966839475
0.428788039070489
0.399293161555958
0.571428571428571
0.58920704845815
0.3944449187686
0.444444444444444
0.395687531607367
0.610669693530079
0.355849459236626
0.441060262488834
0.577864838393732
0.441175655584391
0.39360393603936
0.635023968998981
0.395246162534011
0.400935133643223
0.397118476093896
0.399770837270837
0.395492921983114
0.531267456560727
0.384572266298724
0.470307557493374
0.569652313155976
0.419276398096087
0.39935217038653
0.401684450271023
0.448344169832752
0.387275657181261
0.394182861994504
0.595512144244371
0.628773346794548
0.383494866729424
0.43537629964141
0.35771817159661
0.349328540312147
0.439568739417682
0.412034409551436
0.390362138674598
0.438791652086648
0.699380099132907
0.356056036221185
0.358179507932778
0.690721649484536
0.350433656888965
0.545667361835245
0.61216675759229
0.387833361006349
0.471088853830456
0.381961093100015
0.404413868679797
0.602749173358526
0.34683218768985
0.436441606762476
0.384165929830431
0.461448387677896
0.441980757824355
0.378636279022541
0.39596500745965
0.343153418951753
0.441653482932321
0.435897435897436
0.706243712273642
0.434896214896215
0.440186956008457
0.374549819927971
0.387833361006349
0.407973908000162
0.399136096287521
0.408084280754306
0.351700475999822
0.381807436062755
0.393922292906492
0.671483662587534
0.392900132538585
0.387078466551939
0.696747752511898
0.440490951357886
0.349130781769717
0.48876778686043
0.66290424857324
0.516306274370791
0.401714651714652
0.660267337093515
0.43996879875195
0.437203452447355
0.545977534033707
0.66619317321991
0.401714651714652
0.625
0.43502075559352
0.583034212599263
0.46058945348015
0.422250407275806
0.450970518851656
0.451130268199234
0.376140418998388
0.708333333333333
0.395096407268692
0.399427750463622
0.393877925365784
0.602234636871508
0.600558723267652
0.602749173358526
0.452392150026924
0.602253539008443
0.39935217038653
0.7
0.445739926920798
0.700405024268661
0.434782608695652
0.432283238555104
0.395531147081494
0.404368765562795
0.359621675323763
0.430999883608459
0.448344169832752
0.4757762449211
0.440874132276806
0.439568739417682
0.609481114588946
0.600450200525445
0.383776408450704
0.395137287000521
0.652358142962417
0.421081266823206
0.404413868679797
0.440760533647766
0.586086178575619
0.356822636405123
0.606520568652332
0.441117918016317
0.343381544592552
0.574267297118545
0.402439024390244
0.341187106886151
0.396073903002309
0.456909665644893
0.451770319081773
0.382507220357505
0.443950431971666
0.65929203539823
0.434971746239679
0.590635268346112
0.457471472261502
0.440186956008457
0.44102970891926
0.40826968611978
0.336983334111386
0.3872580242288
0.386560893013922
0.418845310442113
0.407041556269147
0.449638820437913
0.608236012565404
0.39596500745965
0.611479028697572
0.393532520443581
0.397032931065131
0.392997250910172
0.660434782608696
0.517450984423292
0.687179487179487
0.383494866729424
0.378935567618598
0.590575207479708
0.384041116446579
0.571110251848299
0.397321345157083
0.397321345157083
0.63573793755913
0.377601041540257
0.408352043001643
0.604803636576003
0.376140418998388
0.631431931784769
0.432941731214887
0.439568739417682
0.39759807006503
0.392298970870399
0.358444714459295
0.438383838383838
0.453333333333333
0.609972987905949
0.382926404762649
0.390035408133014
0.613827910127811
0.412797991372574
0.550985587538641
0.455080162521276
0.380952380952381
0.395561642992351
0.570155592601413
0.394898260972436
0.601226249580052
0.405405405405405
0.395561642992351
0.400921781331804
0.609570265540166
0.395000611172228
0.47540366710422
0.461163555492465
0.679155525846702
0.397200925252299
0.6245
0.415981290694198
0.675017433751743
0.454992355440659
0.682816798092793
0.36320472937941
0.384572266298724
0.443675828537893
0.537670152940558
0.56987478055247
0.394342203165733
0.602234636871508
0.357142857142857
0.400261368422483
0.382153688605302
0.395541540795376
0.7
0.606458333333333
0.42823934625515
0.705765273820829
0.402297296182992
0.382965952338382
0.441354244995882
0.412034409551436
0.524523329442145
0.37405041381123
0.387194360471626
0.395675249993848
0.440186956008457
0.419930721072177
0.395137287000521
0.390035408133014
0.439855366439851
0.372020000220405
0.675141242937853
0.390035408133014
0.442462295009989
0.447852760736196
0.6897833586715
0.611237243583136
0.460366800723992
0.585649935649936
0.379352142110763
0.566669355895967
0.462241862756243
0.465552142956862
0.472245564892624
0.400858298625924
0.458243919885551
0.391652432979606
0.349328540312147
0.341246290801187
0.382189746076367
0.3465840349621
0.431886221439118
0.450691143262999
0.394182861994504
0.383699685579129
0.441653482932321
0.400510653848496
0.363053210224
0.450691143262999
0.67687617260788
0.382176960723268
0.438791652086648
0.455889180184609
0.395899660637442
0.388810641627543
0.365584643648349
0.674814652095118
0.397215656958466
0.633333333333333
0.441455786023163
0.400858298625924
0.440328826463639
0.352464488170019
0.60871941078641
0.443560258317769
0.380621332690298
0.651345968131337
0.447420427927485
0.600442726134562
0.420915075998586
0.440186956008457
0.431505714135045
0.45317467075386
0.407322654462243
0.396202400675151
0.394898260972436
0.441060262488834
0.382965952338382
0.395137287000521
0.392604440476781
0.607666290868095
0.419898230424546
0.397237102340516
0.383494866729424
0.545667361835245
0.425916839312325
0.428227492647208
0.356403561625494
0.395492921983114
0.397301847301847
0.681065581927651
0.398371292372881
0.359041493842044
0.565524980483997
0.367222322221239
0.539347290640394
0.355371111456472
0.390035408133014
0.605000963005763
0.440186956008457
0.382991107918659
0.567335325244047
0.692307692307692
0.690288126103622
0.612006763120231
0.399075855593768
0.427109505862647
0.35274212475705
0.455254216721272
0.645692946990117
0.391652432979606
0.660390021527162
0.381184919156457
0.39743634359235
0.416791709041213
0.348927946077868
0.609031052206788
0.438855661015073
0.431839993020415
0.40114636710025
0.39935217038653
0.446213275988655
0.377234854135146
0.389579541598544
0.432941731214887
0.363999682606856
0.61216675759229
0.447550125095284
0.614856369857564
0.569708582202297
0.484668617720982
0.396062503185243
0.518462407925419
0.439137741802716
0.47540366710422
0.636012833212591
0.679419062286105
0.397200925252299
0.441653482932321
0.395480225988701
0.641598119858989
0.388888888888889
0.67535296233135
0.440490951357886
0.418057878112226
0.368389270277142
0.457849672802887
0.539992126242577
0.559953917050691
0.665751509350056
0.3872580242288
0.449638820437913
0.385528093683144
0.472802728292014
0.39935217038653
0.392997250910172
0.682539682539683
0.446341321544905
0.467757903768728
0.326563573883162
0.401762885397197
0.459523272070603
0.428645218417946
0.397032931065131
0.342387516062531
0.40826968611978
0.471733862471026
0.403911537521648
0.62738252954123
0.386504402557836
0.5625
0.401253109919746
0.473576799140709
0.380127893496877
0.615384615384615
0.441990829424275
0.381961093100015
0.55639482053612
0.396079120175854
0.460366800723992
0.569161439308553
0.36304804861399
0.472591286495973
0.39743634359235
0.382189746076367
0.354646345717774
0.614617940199336
0.683391909447035
0.646909335525824
0.453262429335735
0.409652098907418
0.469342113050277
0.385895947657239
0.601098901098901
0.441060262488834
0.457849672802887
0.397923806381575
0.447984319841889
0.454288187431473
0.383512544802867
0.67895571412391
0.441990829424275
0.401762885397197
0.607456140350877
0.397110716653478
0.395492921983114
0.454856177943403
0.440186956008457
0.44811320754717
0.383663119833919
0.441175655584391
0.393378355392883
0.569898452208394
0.389869382677655
0.611443570302637
0.456127163702458
0.435945256528376
0.691931621012099
0.441252629344027
0.395652173913043
0.433790167609694
0.448530669392658
0.401742859285607
0.390811816105311
0.449852721376002
0.418396725292804
0.408408198897321
0.522427983539095
0.374221649428576
0.452801131300608
0.397032931065131
0.392997250910172
0.522669529432815
0.547112411634635
0.446455875928353
0.394483887326541
0.685346732733152
0.384527215736968
0.450691143262999
0.454288187431473
0.395480225988701
0.363522442469811
0.568341786747593
0.453421679536226
0.445739926920798
0.683070866141732
0.441653482932321
0.395492921983114
0.440277033993814
0.396440536452274
0.483510656263721
0.408408198897321
0.447613916658936
0.419640316856591
0.384527215736968
0.40111124830226
0.68
0.392997250910172
0.699009512601746
0.438715407093336
0.378841693446975
0.465049528742691
0.449597249236541
0.422208276267249
0.414613045441266
0.611564757067232
0.442462295009989
0.539584371649072
0.356724281809674
0.391304347826087
0.453838081011363
0.405728739403883
0.665534218499376
0.48299575112827
0.406302199374402
0.406285270880361
0.604497994869757
0.389869382677655
0.387152589377223
0.648249898249898
0.39596500745965
0.462604955554655
0.359355019181586
0.400436602172769
0.514064721969006
0.572060824608571
0.555242566510172
0.397200925252299
0.67864314400459
0.460037255166731
0.462551436468925
0.644263035622096
0.616961505453848
0.387275657181261
0.602908641332639
0.39646045169301
0.606593406593407
0.397458153420344
0.432632687018235
0.555242566510172
0.625
0.602498600494793
0.611111111111111
0.483510656263721
0.406945249165053
0.394898260972436
0.39360393603936
0.45887116922052
0.380812019822397
0.615126036704942
0.609729206443112
0.609756097560976
0.440884652981427
0.441175655584391
0.39420721977551
0.399136096287521
0.38746243610928
0.356403561625494
0.399075855593768
0.43996879875195
0.454692082111437
0.401253109919746
0.461163555492465
0.531883319939209
0.399336262881016
0.380874348698408
0.387114363105498
0.401349338983179
0.445557912312658
0.526595932802829
0.470957040035987
0.621805873502138
0.409090909090909
0.365666751432875
0.695194128787879
0.440186956008457
0.440277033993814
0.470307557493374
0.620181405895691
0.43920243773185
0.581218467966344
0.407960049907036
0.671787799401928
0.399136096287521
0.636363636363636
0.39935217038653
0.64510838636246
0.485383361230098
0.349079616036138
0.392113673663298
0.389869382677655
0.358199018224457
0.350564109089367
0.401670136045136
0.379310344827586
0.602548743708704
0.701389025595395
0.664827554716751
0.437712501267467
0.439568739417682
0.580140990350549
0.376323195050132
0.394140410255969
0.65073929115025
0.442094469597391
0.39596500745965
0.411636729054139
0.401319495994603
0.364847677843683
0.620689655172414
0.47487256003137
0.38092284060026
0.608913718187461
0.397200925252299
0.398963358583995
0.448381929612777
0.518326616772213
0.39456805827993
0.651958702064897
0.405864930796619
0.383512544802867
0.602253539008443
0.389535166838907
0.607679299280201
0.397200925252299
0.605041842737592
0.634615384615385
0.5726112081302
0.403534801395179
0.54643059089624
0.43500072113425
0.393359394799534
0.531588251881738
0.532516753111292
0.520603805371243
0.399103110832928
0.581808886410113
0.356146707909854
0.699467708598771
0.374221649428576
0.456127163702458
0.44609694734072
0.437983699400409
0.399427750463622
0.434111322808928
0.395137287000521
0.666666666666667
0.440155948870218
0.423668978134808
0.566180022733731
0.421312306979316
0.441175655584391
0.605665767847971
0.611700818755313
0.560676862078731
0.352480190701267
0.519078600316511
0.654128959276018
0.382745612552353
0.442462295009989
0.393922292906492
0.443675828537893
0.468058845417336
0.558746544126667
0.397032931065131
0.43763105903681
0.547580576428642
0.443429561970798
0.356323905755397
0.53009030865129
0.357928538301777
0.395492921983114
0.433296863603209
0.453838081011363
0.564331174918614
0.436148561057817
0.459016393442623
0.595803135603764
0.395492921983114
0.574200151880345
0.611479028697572
0.454545454545454
0.339931231856479
0.397321345157083
0.397458153420344
0.394096912757075
0.395000611172228
0.39478089991954
0.61247009569378
0.4
0.435369778058328
0.395616142205141
0.433982130118261
0.381278726358818
0.663366336633663
0.547388382460576
0.383355674709562
0.436353744188347
0.597388465723613
0.449412165363658
0.392997250910172
0.609570265540166
0.627428774454289
0.397321345157083
0.620077519379845
0.442462295009989
0.442954730092411
0.469281157439052
0.603982788245488
0.365584643648349
0.398069963811821
0.426176852599431
0.37780291603821
0.540332439466835
0.682873106264102
0.40560194929127
0.579522320563855
0.417772003657192
0.381552525893046
0.41368237553553
0.460436621925106
0.584239872109798
0.650850212553138
0.611479028697572
0.591760604566357
0.358444714459295
0.610990195149678
0.39935217038653
0.415981290694198
0.41527893312207
0.600656474787849
0.37589946679091
0.395000611172228
0.5625
0.550499231950845
0.403932658094776
0.441083998046023
0.579776505156183
0.443675828537893
0.332664657281397
0.707173714738128
0.538461538461539
0.485142052349398
0.450691143262999
0.676170984033887
0.536239693331405
0.358552105705806
0.4375
0.412380643796122
0.558726858656731
0.443675828537893
0.387252008241313
0.43014456507323
0.395137287000521
0.580198237885462
0.701941930618401
0.440441546517783
0.35997542997543
0.347738073961681
0.48116421402352
0.48876778686043
0.400261368422483
0.454288187431473
0.381961093100015
0.565597667638484
0.670647085382952
0.438855661015073
0.389734806601682
0.625433563096713
0.493012916251798
0.67494726312775
0.46617915904936
0.354726598702502
0.602272800645682
0.396079120175854
0.469491910186561
0.395480225988701
0.359039785126742
0.48876778686043
0.47487256003137
0.38746243610928
0.398791441507229
0.349185973062738
0.437116333370994
0.607122402225495
0.538128349830549
0.622757441673371
0.452392150026924
0.392405063291139
0.365653016426923
0.340061521513134
0.358298150381986
0.356323905755397
0.396366588230459
0.583063634871924
0.449178509244181
0.380376533530659
0.438568454120397
0.447963800904977
0.613586167298504
0.362390098164746
0.559003573546144
0.389734806601682
0.596881863242966
0.58245124497174
0.393922292906492
0.442462295009989
0.395137287000521
0.664788598273235
0.390362138674598
0.68
0.565317816431625
0.454288187431473
0.415083727741579
0.391854997448422
0.453262429335735
0.392365897982203
0.388313951420748
0.442462295009989
0.415191105405434
0.439568739417682
0.395480225988701
0.564331174918614
0.442954730092411
0.58920704845815
0.398254111125398
0.380756266880957
0.671145983645984
0.412334534444361
0.439796374884958
0.451130268199234
0.442563724457552
0.387194360471626
0.47487256003137
0.657107098158412
0.459115447476599
0.384528510282271
0.385054216945887
0.462685353411137
0.524120862884161
0.418033315768532
0.402273387799916
0.380133078228879
0.389869382677655
0.59758764678936
0.409117553021422
0.687543584379358
0.44784202003969
0.435275984839295
0.357673267326733
0.584576313288717
0.460138470515874
0.411941851412606
0.383512544802867
0.397583726978398
0.453838081011363
0.385089614557124
0.358389023896314
0.4067023583627
0.537775487553512
0.357371523453715
0.419852119589065
0.581838294448914
0.349235527544351
0.472271237515339
0.395096407268692
0.416708208707212
0.362980654613547
0.469255050505051
0.434176977415918
0.356493452823728
0.703141447368421
0.356323905755397
0.395687531607367
0.450298682944788
0.697570810385523
0.386396184578595
0.407624687918918
0.440186956008457
0.438203196103672
0.574241961934055
0.646909335525824
0.539801664005379
0.603351955307263
0.570092027892539
0.429939362079294
0.666666666666667
0.599552558711029
0.635145900465449
0.393629230064334
0.358389023896314
0.429364743978127
0.52183134955651
0.356822636405123
0.394096912757075
0.398924700101171
0.413793103448276
0.447977780988019
0.387001265541361
0.433790167609694
