0.769614048150906
0.718181223929501
0.550670960815888
0.172185430463576
0.724489795918367
0.726701494894199
0.723617643731109
0.577215189873418
0.571428571428572
0.551892763315023
0.174757281553398
0.187287414965986
0.566831683168317
0.5625
0.72
0.239024390243902
0.723768736616702
0.238307814674886
0.573470151793615
0.550868486352357
0.77
0.593830334190231
0.236842105263158
0.19047619047619
0.707342747111682
0.56766760964484
0.239024390243902
0.174835900296023
0.184466019417476
0.237079083697588
0.185567010309278
0.562650658395339
0.579849085283101
0.184466019417476
0.238317757009346
0.587260884335964
0.566084788029925
0.565269028193742
0.237149252101758
0.719827586206897
0.237079083697588
0.770171149144254
0.237001930840793
0.768020618556701
0.770025839793282
0.325581395348837
0.574796283721217
0.172131676270749
0.185840707964602
0.242718446601942
0.239596067644662
0.720079177989928
0.191157791890572
0.23696682464455
0.717413087043652
0.172077922077922
0.768
0.561936754079727
0.767791269116783
0.237149252101758
0.768627276705136
0.238623842102077
0.581081081081081
0.767586600685192
0.186953878884583
0.581043568448908
0.239223337049424
0.185334528076464
0.243049211814583
0.184782608695652
0.184431591269022
0.172638436482085
0.575104472991797
0.186274509803922
0.76986301369863
0.591473572618507
0.576114544250717
0.186274509803922
0.569451645064806
0.582124588325976
0.239596067644662
0.557831873109141
0.239670389752402
0.562350064720265
0.769633507853403
0.172682854604679
0.767441860465116
0.172043010752688
0.571062710686132
0.720953914649742
0.564102564102564
0.55662852455774
0.184873949579832
0.567307692307692
0.768079800498753
0.242424242424242
0.238532110091743
0.23696682464455
0.587474839700359
0.577896564977864
0.716049382716049
0.769633507853403
0.582687183186071
0.710280999300524
0.553811514768229
0.728571428571429
0.239223337049424
0.58081918334344
0.727272727272727
0.586981741147988
0.574385753498025
0.240873393622085
0.237079083697588
0.171986417657046
0.553637248342558
0.186274509803922
0.767567567567568
0.770068289214452
0.601462645061233
0.71670243204578
0.769633507853403
0.768617021276596
0.768693179055861
0.172060466415305
0.554490894277223
0.237001930840793
0.582716049382716
0.717213114754098
0.23696682464455
0.571078431372549
0.24078921853791
0.720573558764823
0.172043010752688
0.5726811878911
0.576923076923077
0.557951482479784
0.238623842102077
0.768115942028986
0.186274509803922
0.287895437895438
0.237001930840793
0.238772354443996
0.237149252101758
0.596725778353509
0.239130434782609
0.724247594734466
0.595687331536388
0.190960163432074
0.184873949579832
0.184873949579832
0.193877551020408
0.237053001277139
0.235424836601307
0.706752173699902
0.769943181818182
0.236778540554284
0.71443030653557
0.172043010752688
0.172077922077922
0.566626311541566
0.186915887850467
0.238532110091743
0.574233335742333
0.76775956284153
0.207920792079208
0.172195434265021
0.767810026385224
0.172185430463576
0.724033195020747
0.76944072088174
0.237053001277139
0.586434215851243
0.239102492455572
0.187287414965986
0.767605633802817
0.172185430463576
0.565329983249581
0.240873393622085
0.717368029047575
0.186274509803922
0.23962006918076
0.185567010309278
0.172638436482085
0.577751997937613
0.575063613231552
0.76962688050898
0.364864864864865
0.565217391304348
0.174791228189286
0.236904464953854
0.191157791890572
0.238380289696887
0.55036855036855
0.172742373905165
0.185840707964602
0.185840707964602
0.76986301369863
0.23508577816307
0.243049211814583
0.770127125818664
0.5625
0.172131676270749
0.563175399696581
0.719713565739322
0.285714285714286
0.186274509803922
0.768079800498753
0.561465350963017
0.575879463497853
0.593332573431456
0.767904772011744
0.187809405940594
0.769444444444444
0.566957389895641
0.710853933075427
0.586247656313687
0.555555555555555
0.581005586592179
0.572788586447539
0.237053001277139
0.77
0.23963133640553
0.242718446601942
0.185840707964602
0.767904772011744
0.722763606551268
0.76986301369863
0.571428571428571
0.769820971867008
0.185185185185185
0.769633507853403
0.576439047468853
0.768079800498753
0.590296495956873
0.574209245742093
0.239670389752402
0.240717764911313
0.171986417657046
0.569169768346203
0.596685082872928
0.717213114754098
0.712213579987387
0.566870829418708
0.716784940296605
0.769585253456221
0.24078921853791
0.238772354443996
0.77
0.188524590163934
0.237149252101758
0.576833631484794
0.766826923076923
0.172195434265021
0.768647124275793
0.582777949419605
0.172185430463576
0.577247623788191
0.185567010309278
0.171986417657046
0.23975268073331
0.318181818181818
0.567164179104478
0.236842105263158
0.569034018701591
0.714285714285714
0.568965517241379
0.357675906183369
0.5736730867284
0.56205234277509
0.568773818773819
0.563953991646649
0.172077922077922
0.186915887850467
0.185943609796254
0.186274509803922
0.239223337049424
0.568964784843465
0.76986301369863
0.18552544063851
0.768617021276596
0.239102492455572
0.23963133640553
0.239802035922283
0.719139718331374
0.580453692648815
0.768545730685023
0.239102492455572
0.242911947387651
0.724948789591196
0.237001930840793
0.565840473276214
0.18552544063851
0.18454070201643
0.716666666666667
0.239049470186219
0.238487466238086
0.76944072088174
0.237053001277139
0.768260924796748
0.567164179104478
0.555012224938875
0.239024390243902
0.240873393622085
0.172784493378503
0.55609756097561
0.572171713071948
0.768079800498753
0.239024390243902
0.186813186813187
0.769433524566253
0.240679344748412
0.578206554291093
0.19047619047619
0.23975268073331
0.185185185185185
0.578103595890411
0.237053001277139
0.767272266550379
0.184873949579832
0.184873949579832
0.184828279137742
0.769444444444444
0.237868562479579
0.571428571428572
0.579336005619066
0.76944072088174
0.237149252101758
0.707317073170732
0.18570385913694
0.768356941787286
0.571428571428572
0.768079800498753
0.208609271523179
0.184303844718178
0.564536545528787
0.576166304085086
0.721294035577258
0.185567010309278
0.769457424714434
0.172077922077922
0.238095238095238
0.185185185185185
0.184782608695652
0.767766037344936
0.725450016072003
0.573170731707317
0.767977900552486
0.557823129251701
0.236778540554284
0.392631103074141
0.185840707964602
0.186274509803922
0.239102492455572
0.238307814674886
0.184873949579832
0.565326633165829
0.244362956937313
0.240920866698069
0.23696682464455
0.555555555555556
0.174917491749175
0.77
0.186357593885012
0.551390157637083
0.566150880305719
0.769633507853403
0.770039657864555
0.579148196320973
0.722864851868672
0.186915887850467
0.726726660520303
0.187287414965986
0.565933268858801
0.718162839248434
0.237248718959401
0.584699453551913
0.237079083697588
0.172060466415305
0.172077922077922
0.239449786324786
0.172060466415305
0.577896564977864
0.561131095123901
0.238532110091743
0.236842105263158
0.580695251452615
0.239024390243902
0.174882058758023
0.563855421686747
0.768
0.242857142857143
0.587028760712971
0.582487113402062
0.184873949579832
0.242804152440249
0.208860759493671
0.770127125818664
0.239024390243902
0.768079800498753
0.566626311541566
0.237053001277139
0.574931880108992
0.172131676270749
0.769633507853403
0.580740942762128
0.184210526315789
0.770053475935829
0.555555555555556
0.716784940296605
0.192113442113442
0.563433205398044
0.564285714285714
0.560864376880772
0.242424242424242
0.184698996655518
0.238196555217832
0.567200671459329
0.24041088692728
0.237053001277139
0.237930073049685
0.767810026385224
0.192450142450142
0.239130434782609
0.237001930840793
0.716601049868766
0.556732910421228
0.564468407979179
0.172077922077922
0.236904464953854
0.184902728214574
0.768421052631579
0.240920866698069
0.208333333333333
0.583333333333333
0.175084175084175
0.715725806451613
0.172077922077922
0.23963133640553
0.768617021276596
0.556516799523206
0.237149252101758
0.717457272268113
0.728922523808217
0.768115942028986
0.710930776621966
0.185840707964602
0.572222222222222
0.172077922077922
0.583916197929404
0.76985214176995
0.238532110091743
0.768079800498753
0.23696682464455
0.237149252101758
0.184873949579832
0.172742373905165
0.768
0.579690237298933
0.569360528062026
0.184873949579832
0.184873949579832
0.571075375287272
0.174922302725899
0.237149252101758
0.548697442699818
0.175042087542088
0.76986301369863
0.568265448163167
0.718004338394794
0.575433282372944
0.716601049868766
0.184466019417476
0.591218676376098
0.577751997937613
0.587282869122492
0.76984126984127
0.766752705912094
0.240614969075393
0.575063613231552
0.240837696335079
0.769426805355357
0.235023041474654
0.768097871263869
0.565269028193742
0.186274509803922
0.174882058758023
0.566626311541566
0.716666666666667
0.572509541984733
0.768817204301075
0.242424242424242
0.580124879567183
0.239802035922283
0.579889282010614
0.184466019417476
0.237209302325581
0.770053475935829
0.239024390243902
0.366025420817588
0.172185430463576
0.238915180196578
0.568807118807119
0.240979141756344
0.239130434782609
0.172077922077922
0.560510071474984
0.726732673267327
0.184873949579832
0.714599508125573
0.238380289696887
0.587122081898201
0.239024390243902
0.721789883268482
0.239449786324786
0.768647124275793
0.577215189873418
0.237053001277139
0.357142857142857
0.23963133640553
0.575171198153088
0.59422186812353
0.172799325112481
0.55952380952381
0.240717764911313
0.238317757009346
0.172742373905165
0.76657824933687
0.768020618556701
0.767726161369193
0.587690817953976
0.185840707964602
0.568627450980392
0.236904464953854
0.769444444444444
0.565900281888654
0.567567567567568
0.186915887850467
0.579856710488981
0.579221446734837
0.184466019417476
0.76944072088174
0.552794685960515
0.239049470186219
0.729315886134068
0.186274509803922
0.237001930840793
0.717717886231001
0.553191489361702
0.561986109555282
0.237001930840793
0.5625
0.238543163479606
0.728249330748638
0.185567010309278
0.725646123260437
0.578947368421053
0.193181818181818
0.770053475935829
0.567237163814181
0.237053001277139
0.555555555555556
0.576293487957181
0.268765133171913
0.238307814674886
0.326530612244898
0.582590111516305
0.481543416326025
0.585034013605442
0.174917491749175
0.376811594202899
0.239024390243902
0.237330936483479
0.717256346406585
0.720205815514926
0.565891472868217
0.237868562479579
0.769596548296738
0.240909090909091
0.569288226051824
0.565217391304348
0.243128260478503
0.174791228189286
0.720409228520722
0.19047619047619
0.575077594161564
0.770053475935829
0.55632216723766
0.239223337049424
0.569620253164557
0.242990654205607
0.573493975903615
0.541086386597609
0.56391835753768
0.279711625008655
0.23696682464455
0.23975268073331
0.76986301369863
0.237079083697588
0.769831120854139
0.578262048626706
0.237977726387537
0.566233766233766
0.719751643723033
0.557806036987659
0.186274509803922
0.767624020887728
0.574315814555109
0.578125
0.172526114792766
0.237079083697588
0.579234972677596
0.343283582089552
0.770025839793282
0.596969696969697
0.545454545454545
0.184466019417476
0.770012919896641
0.184466019417476
0.237209302325581
0.767898556546424
0.239024390243902
0.557616186853445
0.172526114792766
0.238095238095238
0.582872421695951
0.72616384889678
0.596595189800058
0.240679344748412
0.769831120854139
0.583085975002863
0.565523953448262
0.768
0.769633507853403
0.238623842102077
0.770053475935829
0.237079083697588
0.769831120854139
0.185840707964602
0.555555555555556
0.587009973784916
0.770053475935829
0.71845694799659
0.720573558764823
0.718126857015746
0.237977726387537
0.239024390243902
0.242804152440249
0.557669683257918
0.184466019417476
0.76985214176995
0.717479674796748
0.269804355850867
0.567237163814181
0.572570005957954
0.278519520027041
0.18454070201643
0.238317757009346
0.172185430463576
0.186274509803922
0.566997977605682
0.338461538461538
0.184615384615385
0.57313790758438
0.185567010309278
0.239596067644662
0.174757281553398
0.239102492455572
0.237001930840793
0.239130434782609
0.582235130917288
0.719433148137541
0.766066838046273
0.1875
0.207792207792208
0.718294714523701
0.563855421686747
0.574935227523783
0.715151688328653
0.769633507853403
0.343283582089552
0.602836879432624
0.185567010309278
0.768079800498753
0.237079083697588
0.727272727272727
0.185567010309278
0.768079800498753
0.359462780898876
0.172185430463576
0.237053001277139
0.184303844718178
0.172526114792766
0.172195434265021
0.186440677966102
0.184615384615385
0.770025839793282
0.7675
0.76962688050898
0.579801873902011
0.556326010671538
0.727272727272727
0.184210526315789
0.184902728214574
0.716326530612245
0.572570005957954
0.184466019417476
0.19004132231405
0.184902728214574
0.208860759493671
0.768079800498753
0.722107398313227
0.240679344748412
0.76775956284153
0.23962006918076
0.186953878884583
0.568177077714245
0.318994757940179
0.240909090909091
0.768617021276596
0.239223337049424
0.238543163479606
0.768020618556701
0.239223337049424
0.715423382303998
0.239130434782609
0.766119408730464
0.767904772011744
0.578125
0.525326543305862
0.582089552238806
0.576190476190476
0.240873393622085
0.718004338394794
0.715778554269491
0.572877173591744
0.184466019417476
0.588648270476066
0.172195434265021
0.72468443197756
0.184210526315789
0.568
0.569876623280907
0.239024390243902
0.238380289696887
0.241083435300389
0.243128260478503
0.765743073047859
0.574074074074074
0.1875
0.579242846569345
0.333333333333333
0.573898102495144
0.723425574553362
0.768097871263869
0.720409228520722
0.172043010752688
0.723617643731109
0.724946695095949
0.23696682464455
0.574599496405503
0.239024390243902
0.576923076923077
0.572222222222222
0.579801873902011
0.23963133640553
0.301587301587302
0.727272727272727
0.564516129032258
0.172185430463576
0.712776448958463
0.172638436482085
0.237053001277139
0.574742268041237
0.569034018701591
0.72268057020379
0.57583908610381
0.578144385856079
0.712345971252351
0.243113517739302
0.590054752583086
0.710020371785078
0.59493670886076
0.171986417657046
0.184303844718178
0.184828279137742
0.238487466238086
0.238532110091743
0.239449786324786
0.769633507853403
0.185567010309278
0.572115579138416
0.184466019417476
0.5669099756691
0.237149252101758
0.768617021276596
0.598054977618057
0.184873949579832
0.480364617757215
0.766839378238342
0.572549113429122
0.237735598115215
0.76984126984127
0.768472906403941
0.185185185185185
0.723995753715499
0.57583908610381
0.578418771107415
0.571599453178401
0.769430051813472
0.207990133708342
0.187809405940594
0.185840707964602
0.239223337049424
0.718294714523701
0.768020618556701
0.185185185185185
0.726141078838174
0.564102564102564
0.184466019417476
0.237001930840793
0.5766328561949
0.727182180369431
0.767624020887728
0.717479674796748
0.58569601753745
0.172526114792766
0.766354273650576
0.18552544063851
0.184828279137742
0.551483169425122
0.770025839793282
0.174757281553398
0.239130434782609
0.58695652173913
0.591358356110894
0.192771084337349
0.563056659136351
0.720682302771855
0.587641593483518
0.172077922077922
0.768097871263869
0.717842323651452
0.726013698630137
0.564516129032258
0.769430051813472
0.72090467671863
0.172077922077922
0.588235294117647
0.186915887850467
0.586901763224181
0.567467486706387
0.185567010309278
0.186160510715914
0.237001930840793
0.717948717948718
0.770053475935829
0.29805897723031
0.172185430463576
0.172043010752688
0.576923076923077
0.717741935483871
0.184466019417476
0.580645161290323
0.238623842102077
0.581863979848867
0.71823958925152
0.549295774647887
0.237053001277139
0.769433524566253
0.566985645933014
0.769596548296738
0.580430610399065
0.172185430463576
0.769802572264439
0.239670389752402
0.566870829418708
0.18570385913694
0.172842944255054
0.580901856763926
0.725970711297071
0.237149252101758
0.184873949579832
0.172077922077922
0.564164648910412
0.712121212121212
0.716784940296605
0.769596548296738
0.575473072915528
0.239596067644662
0.208392018779343
0.172185430463576
0.172638436482085
0.172077922077922
0.185840707964602
0.716049382716049
0.580645161290323
0.174882058758023
0.546615810286997
0.578673434856176
0.712574850299401
0.172185430463576
0.715725806451613
0.238532110091743
0.718294714523701
0.725970711297071
0.184873949579832
0.574074074074074
0.239813579001053
0.768020618556701
0.237001930840793
0.768079800498753
0.717791411042945
0.575
0.19047619047619
0.237001930840793
0.568292682926829
0.184873949579832
0.18570385913694
0.57583908610381
0.185567010309278
0.551390157637083
0.184828279137742
0.719960552268245
0.570587878945228
0.727946233056445
0.18454070201643
0.237053001277139
0.769943181818182
0.239813579001053
0.580030211480363
0.573631521377277
0.55036855036855
0.236778540554284
0.715183294297218
0.768321513002364
0.716297786720322
0.239223337049424
0.239223337049424
0.567408873494969
0.570587878945228
0.237149252101758
0.237053001277139
0.186274509803922
0.237868562479579
0.707317073170732
0.24283849309959
0.770171149144254
0.591384203919
0.565113422090166
0.172638436482085
0.718338603046853
0.574545678954298
0.185567010309278
0.237798380221654
0.237001930840793
0.567237163814181
0.185840707964602
0.172526114792766
0.57072565514737
0.579355083763144
0.172638436482085
0.184698996655518
0.708977964305252
0.172131676270749
0.239819004524887
0.239024390243902
0.184873949579832
0.171986417657046
0.591623036649215
0.570012285012285
0.171986417657046
0.769633507853403
0.171986417657046
0.237001930840793
0.560116805445414
0.767726161369193
0.23963133640553
0.186953878884583
0.564102564102564
0.572519083969466
0.727822580645161
0.768656716417911
0.577400153609831
0.711442648142134
0.72
0.55919395465995
0.767833584621183
0.769831120854139
0.721789883268482
0.239819004524887
0.172784493378503
0.311237373737374
0.577656675749319
0.172526114792766
0.240717764911313
0.238915180196578
0.190909090909091
0.571072319201995
0.237001930840793
0.559423250017309
