0.823
0.728
0.308
0.055
0.35
0.309
0.575
0.502
0.573
0.296
0.074
0.356
0.632
0.528
0.27
0.287
0.548
0.094
0.593
0.22
0.642
0.806
0.209
0.207
0.518
0.454
0.137
0.161
0.251
0.199
0.587
0.567
0.678
0.214
0.24
0.657
0.45
0.498
0.115
0.498
0.166
0.886
0.127
0.632
0.777
0.547
0.565
0.049
0.313
0.169
0.181
0.638
0.466
0.26
0.322
0.013
0.929
0.442
0.622
0.228
0.671
0.21
0.656
0.552
0.527
0.507
0.14
0.378
0.254
0.367
0.24
0.061
0.522
0.604
0.66
0.77
0.631
0.162
0.588
0.803
0.227
0.481
0.147
0.539
0.861
0.1
0.848
0.069
0.5
0.229
0.367
0.434
0.251
0.462
0.794
0.133
0.272
0.18
0.505
0.536
0.555
0.849
0.732
0.517
0.284
0.43
0.205
0.645
0.379
0.778
0.476
0.254
0.269
0.064
0.342
0.353
0.696
0.786
0.773
0.344
0.772
0.758
0.757
0.062
0.422
0.204
0.515
0.538
0.158
0.433
0.188
0.737
0.024
0.336
0.635
0.385
0.238
0.624
0.404
0.247
0.066
0.27
0.124
0.722
0.286
0.328
0.788
0.462
0.44
0.372
0.621
0.104
0.201
0.36
0.907
0.114
0.337
0.03
0.029
0.479
0.443
0.126
0.381
0.838
0.115
0.141
0.772
0.145
0.365
0.692
0.178
0.634
0.138
0.365
0.541
0.105
0.603
0.155
0.545
0.453
0.203
0.226
0.039
0.699
0.58
0.922
0.391
0.416
0.068
0.178
0.479
0.127
0.353
0.137
0.217
0.383
0.76
0.081
0.327
0.942
0.394
0.037
0.506
0.452
0.331
0.382
0.836
0.325
0.442
0.774
0.777
0.276
0.817
0.283
0.574
0.562
0.471
0.572
0.51
0.133
0.923
0.268
0.159
0.21
0.646
0.48
0.778
0.519
0.721
0.404
0.911
0.495
0.933
0.523
0.491
0.22
0.357
0.068
0.455
0.611
0.332
0.191
0.539
0.693
0.669
0.102
0.202
0.834
0.356
0.262
0.609
0.531
0.151
0.687
0.645
0.099
0.712
0.434
0.006
0.212
0.372
0.536
0.209
0.357
0.709
0.344
0.383
0.486
0.332
0.581
0.332
0.229
0.379
0.342
0.243
0.163
0.557
0.713
0.305
0.561
0.159
0.203
0.258
0.555
0.494
0.892
0.091
0.285
0.569
0.114
0.64
0.342
0.228
0.646
0.281
0.166
0.766
0.07
0.602
0.496
0.34
0.282
0.176
0.074
0.459
0.531
0.72
0.113
0.148
0.674
0.258
0.473
0.612
0.246
0.268
0.578
0.191
0.665
0.289
0.354
0.33
0.584
0.13
0.494
0.652
0.836
0.114
0.597
0.451
0.749
0.676
0.826
0.154
0.195
0.382
0.662
0.525
0.332
0.714
0.07
0.272
0.281
0.396
0.864
0.508
0.406
0.879
0.403
0.047
0.382
0.432
0.551
0.136
0.113
0.3
0.483
0.337
0.1
0.091
0.349
0.083
0.674
0.273
0.244
0.49
0.923
0.836
0.556
0.436
0.283
0.567
0.586
0.582
0.304
0.323
0.693
0.187
0.021
0.011
0.283
0.077
0.5
0.37
0.078
0.143
0.735
0.278
0.093
0.467
0.675
0.217
0.614
0.511
0.193
0.119
0.23
0.795
0.277
0.838
0.569
0.048
0.541
0.221
0.733
0.674
0.196
0.9
0.499
0.493
0.467
0.429
0.394
0.534
0.309
0.206
0.103
0.389
0.091
0.228
0.343
0.656
0.437
0.249
0.18
0.252
0.325
0.422
0.016
0.081
0.33
0.751
0.216
0.161
0.757
0.206
0.382
0.1
0.217
0.743
0.361
0.182
0.437
0.742
0.788
0.506
0.202
0.426
0.079
0.568
0.776
0.283
0.847
0.165
0.151
0.373
0.068
0.717
0.732
0.562
0.464
0.318
0.49
0.249
0.255
0.348
0.141
0.897
0.478
0.584
0.708
0.398
0.319
0.785
0.588
0.672
0.745
0.677
0.111
0.565
0.157
0.678
0.168
0.825
0.448
0.295
0.073
0.601
0.263
0.41
0.843
0.165
0.709
0.225
0.645
0.294
0.274
0.917
0.351
0.305
0.114
0.236
0.599
0.351
0.117
0.077
0.252
0.357
0.494
0.716
0.085
0.76
0.328
0.359
0.11
0.701
0.536
0.116
0.385
0.216
0.537
0.673
0.145
0.502
0.079
0.13
0.056
0.473
0.837
0.628
0.703
0.37
0.432
0.124
0.677
0.42
0.548
0.198
0.624
0.525
0.135
0.865
0.285
0.114
0.666
0.56
0.216
0.257
0.433
0.472
0.153
0.355
0.267
0.422
0.307
0.522
0.46
0.473
0.909
0.446
0.121
0.289
0.484
0.126
0.238
0.249
0.569
0.266
0.833
0.091
0.348
0.096
0.22
0.295
0.351
0.53
0.239
0.828
0.209
0.638
0.447
0.39
0.096
0.424
0.55
0.511
0.833
0.29
0.174
0.565
0.184
0.626
0.219
0.539
0.13
0.228
0.361
0.886
0.289
0.841
0.542
0.215
0.59
0.256
0.431
0.445
0.657
0.433
0.643
0.013
0.136
0.54
0.189
0.752
0.763
0.241
0.296
0.811
0.229
0.23
0.672
0.217
0.484
0.014
0.308
0.575
0.555
0.72
0.215
0.831
0.523
0.634
0.797
0.767
0.057
0.755
0.196
0.618
0.274
0.39
0.693
0.77
0.446
0.585
0.249
0.167
0.156
0.161
0.584
0.324
0.869
0.595
0.278
0.438
0.555
0.167
0.28
0.119
0.176
0.213
0.485
0.294
0.433
0.662
0.431
0.182
0.192
0.126
0.171
0.373
0.766
0.271
0.726
0.473
0.05
0.613
0.538
0.472
0.291
0.87
0.239
0.754
0.51
0.765
0.131
0.427
0.233
0.79
0.347
0.075
0.22
0.286
0.021
0.133
0.499
0.32
0.712
0.827
0.733
0.548
0.335
0.478
0.101
0.266
0.635
0.535
0.145
0.418
0.316
0.11
0.657
0.285
0.251
0.465
0.209
0.253
0.393
0.39
0.119
0.723
0.321
0.18
0.675
0.185
0.701
0.17
0.502
0.684
0.722
0.193
0.729
0.469
0.096
0.308
0.331
0.657
0.31
0.749
0.135
0.664
0.215
0.493
0.548
0.422
0.092
0.308
0.216
0.743
0.61
0.406
0.628
0.214
0.559
0.527
0.784
0.484
0.044
0.354
0.473
0.059
0.499
0.157
0.664
0.54
0.724
0.11
0.266
0.488
0.532
0.054
0.386
0.097
0.102
0.514
0.413
0.556
0.558
0.621
0.493
0.224
0.744
0.514
0.681
0.018
0.185
0.215
0.185
0.122
0.356
0.776
0.348
0.453
0.301
0.475
0.139
0.671
0.74
0.425
0.331
0.56
0.453
0.116
0.701
0.768
0.178
0.403
0.439
0.554
0.623
0.658
0.091
0.294
0.473
0.147
0.396
0.793
0.387
0.423
0.468
0.155
0.213
0.483
0.445
0.652
0.636
0.714
0.022
0.655
0.327
0.411
0.303
0.679
0.161
0.068
0.775
0.782
0.383
0.319
0.418
0.738
0.042
0.934
0.301
0.347
0.482
0.775
0.485
0.096
0.6
0.35
0.76
0.487
0.214
0.39
0.132
0.509
0.894
0.28
0.171
0.038
0.663
0.568
0.339
0.604
0.089
0.613
0.706
0.339
0.146
0.809
0.603
0.892
0.758
0.201
0.777
0.153
0.646
0.253
0.255
0.721
0.297
0.141
0.229
0.031
0.373
0.628
0.321
0.81
0.595
0.3
0.057
0.176
0.108
0.077
0.203
0.531
0.504
0.181
0.362
0.51
0.505
0.192
0.495
0.111
0.44
0.418
0.453
0.446
0.256
0.839
0.085
0.823
0.342
0.645
0.526
0.277
0.524
0.254
0.274
0.404
0.572
0.415
0.361
0.409
0.533
0.626
0.403
0.12
0.863
0.352
0.532
0.58
0.298
0.053
0.287
0.771
0.417
0.264
0.275
0.447
0.518
0.179
0.257
0.403
0.272
0.44
0.372
0.95
0.695
0.537
0.092
0.626
0.516
0.345
0.145
0.253
0.448
0.349
0.078
0.505
0.64
0.075
0.402
0.453
0.155
0.352
0.231
0.475
0.063
0.646
0.614
0.15
0.907
0.009
0.16
0.579
0.831
0.45
0.464
0.525
0.655
0.38
0.708
0.525
0.523
0.345
0.374
0.785
0.624
0.756
0.229
0.091
0.251
0.471
0.041
0.369
0.191
0.278
0.41
0.215
0.422
