0.686314405867816
0.661420272981743
0.397282804648844
0.280663106364041
0.379648522234273
0.34963768115942
0.596391301694501
0.536
0.586265841438255
0.381111594002489
0.287935721138471
0.393179473955647
0.597845109050542
0.557557728718056
0.318006416606295
0.344213402491548
0.585960591133005
0.321555585862507
0.579852207240742
0.367464717741935
0.612004632012352
0.640933701827746
0.341842065979997
0.356090388484755
0.569149317950868
0.445167870518994
0.316273849607183
0.293614387651085
0.368480189237138
0.341085689617958
0.596910594784531
0.580722958983829
0.603910744247363
0.328411432428592
0.35557989511861
0.603920202479809
0.440219676266555
0.478106025817644
0.31355530581019
0.478106025817644
0.328411432428592
0.686245311178328
0.329143173132943
0.628696736636077
0.673247836594683
0.628527200353826
0.572711353821954
0.275309259180227
0.383183874562028
0.347871667062268
0.334350132625995
0.629493713897384
0.441250298828592
0.343283582089552
0.358261722768203
0.274612930310663
0.727497749774977
0.437631118881119
0.601125432579468
0.371943947525343
0.62507559542904
0.332655868562793
0.602693442877608
0.581171263193735
0.568696991234305
0.542228615956363
0.328411432428592
0.390451936292344
0.343133241348637
0.391158850637029
0.32314481856816
0.277277881053145
0.555555555555556
0.596196392103472
0.613118279569892
0.635367072238876
0.596177721453733
0.351036965398668
0.587676312968918
0.651040712934139
0.357646898330729
0.449148124777086
0.332655868562793
0.575790875790876
0.676759875024
0.280972058244786
0.711788059245686
0.274657276995305
0.502103235444431
0.285705613830614
0.412157386319014
0.416850220264317
0.375378029653123
0.441548451548452
0.686314405867816
0.329401495488815
0.357556550219456
0.325259211528323
0.542270778027364
0.569214533036095
0.596114407934744
0.668322556260407
0.617058647665554
0.577308917197452
0.381850600600601
0.415941391809927
0.347409730624721
0.605788812944623
0.380921052631579
0.64
0.443780839130835
0.345084230875449
0.320788023238492
0.275166102089179
0.412087912087912
0.389046284780164
0.639607843137255
0.668497850840811
0.643511525120287
0.3645330338761
0.670360174571963
0.702193347362926
0.675087756621636
0.275617688192332
0.419012638591048
0.319719714809001
0.553268724252043
0.574044074331923
0.330629817943251
0.426718440185063
0.360084536211314
0.677966101694915
0.270894542991406
0.397997016121849
0.605130726989591
0.420643547273982
0.357677902621723
0.615154826958106
0.415532503497221
0.281585811163276
0.315974482153004
0.338647986137526
0.325697965844845
0.633907962193551
0.369861286254729
0.35548353909465
0.641262860935944
0.435846431231137
0.426816479400749
0.36183368869936
0.598378283095364
0.318888699214749
0.343767102462755
0.368210526315789
0.687549058084772
0.313299429804284
0.332228891341211
0.275073964497041
0.272727272727273
0.446401439719137
0.423609808388048
0.327158816937757
0.418600394955059
0.680615695136888
0.285
0.282277357616916
0.687147930709575
0.281585811163276
0.353373015873016
0.628696736636077
0.332845780174024
0.596773634749469
0.329650537634409
0.4
0.582154882154882
0.277093259688629
0.586969560653771
0.31192832508622
0.583318435278594
0.412293551896356
0.323558897243108
0.368660610746038
0.274709570957096
0.606611527257595
0.579761064030132
0.728580008007474
0.327212435233161
0.426945355855308
0.292949622629932
0.330699748013181
0.446441751546627
0.313914027149321
0.398999605755963
0.279603037943546
0.349224458018924
0.4
0.666666666666667
0.303711757076371
0.381726592664093
0.712786499215071
0.415492957746479
0.273320701216849
0.544515494343335
0.405061019382627
0.308322329221553
0.402418452687466
0.664550094441988
0.402091981647367
0.428681999115436
0.630353867731147
0.662293127295274
0.381111594002489
0.663709456551508
0.388439439458003
0.6
0.581892697466468
0.443308368609573
0.578174603174603
0.544014630215114
0.31669986247451
0.722896929980768
0.364420938832172
0.330699748013181
0.355988079716893
0.608569979716024
0.416591421092474
0.645199692780338
0.551406359189378
0.634019761299159
0.414354477726339
0.7082336523126
0.470048598130841
0.722782467667485
0.564725596983662
0.46911637279597
0.328546899841017
0.368753113066578
0.274709570957096
0.440155892620681
0.586700829899959
0.355890319157848
0.286739288307916
0.565592315110155
0.653043124406557
0.611332447985834
0.321908590555393
0.338501602564103
0.676818928514652
0.3873123069186
0.330316972893564
0.59533360118199
0.573287483229482
0.282277357616916
0.622076671161626
0.599667036625971
0.274917218543046
0.630757040107278
0.415876681251013
0.272727272727273
0.365774114274012
0.325697965844845
0.56124143513027
0.344501814644367
0.408621473007293
0.668693284936479
0.405172609920236
0.339102832844223
0.45907150075058
0.403247780610003
0.589047805642633
0.384772509746247
0.277617212588311
0.381850600600601
0.388540714213146
0.353174603174603
0.322932689499406
0.570272904483431
0.657580303736503
0.396829754473078
0.58859291084855
0.32625591349403
0.366765285996055
0.352257212560711
0.594847729573954
0.464298628976433
0.688888888888889
0.324066924066924
0.324905062077255
0.592734082397004
0.325834175935288
0.604735219949566
0.398267912372971
0.367979160064587
0.640887530933878
0.344680167148827
0.344642360411691
0.652408210918849
0.306874437443744
0.608580630319761
0.471627483907081
0.4100049153224
0.338686836176376
0.327827937044816
0.282124292921572
0.43662305436499
0.555477637525323
0.641461422467957
0.330193656166883
0.331745530070435
0.634615384615385
0.351324378270486
0.44040947677967
0.607228750467847
0.346153846153846
0.352499581845194
0.597705218987674
0.345761277364425
0.616909300377042
0.347778918047207
0.393770770076745
0.378748164164491
0.593029084338754
0.332030898455077
0.464523694779116
0.601904136352517
0.691014391014391
0.31355530581019
0.638164544168183
0.418550368550369
0.662145593869732
0.606893287675047
0.68618779543993
0.285012077294686
0.354760926958052
0.415504183442846
0.607595942579474
0.578947368421053
0.391582406471183
0.626894168257728
0.279434092477571
0.36552662261951
0.360084536211314
0.407758499083086
0.699322881163372
0.560673038010148
0.422110979127779
0.731137616336857
0.398059978105403
0.302525353080584
0.342189612861221
0.417112274771655
0.592677585221863
0.312781082988807
0.321820969253045
0.390017939861301
0.45907150075058
0.352641667665029
0.322474533106961
0.312265704698811
0.408895198144738
0.303711757076371
0.634511993382961
0.376996032446353
0.37788681906329
0.46793242506812
0.720956187707641
0.685619526909522
0.571428571428571
0.394505184674666
0.365257097478658
0.590135396518375
0.59906062460412
0.586700829899959
0.34724987555998
0.38428277779287
0.611215932914046
0.351289490651193
0.271986173805991
0.272727272727273
0.376587751549096
0.277231061651185
0.506890746236874
0.413916102879314
0.310087661336505
0.315844527637084
0.618421052631579
0.366819571865443
0.293614387651085
0.446401439719137
0.635541265905561
0.343327363049576
0.589047805642633
0.54866103202847
0.327583987005784
0.327395964691047
0.292839979834618
0.671430759022
0.31539401918375
0.673203871274528
0.580399391617846
0.299007291358755
0.566175913006552
0.283641142602843
0.641820057124722
0.6
0.332845780174024
0.675675675675676
0.48583235514846
0.441548451548452
0.44635483281564
0.433435448208348
0.415290006880078
0.567961060498374
0.372371993181388
0.354493284493285
0.331270871985158
0.415504183442846
0.309992573134
0.357670032289478
0.387466209898162
0.61043880729862
0.42912032753268
0.33111058717402
0.343295334351863
0.325697965844845
0.403973509933775
0.425635456885457
0.275617688192332
0.313052071798305
0.388439439458003
0.663832305937721
0.325997396925791
0.294120341289782
0.643005334914049
0.30336348219333
0.382386516250336
0.280663106364041
0.343157870677242
0.65613739249462
0.41678814382896
0.334723715702938
0.420691940615058
0.703036422902494
0.691568047337278
0.551406359189378
0.352327663059628
0.425650443456256
0.275737065227864
0.569667397360206
0.657872988255763
0.355988079716893
0.690298332734988
0.30736204954955
0.335137032378835
0.387907344821453
0.277405168483137
0.646685907643312
0.6275619681835
0.581155859416729
0.438814763472535
0.389461423329471
0.468894117647059
0.313507328839137
0.352926587301587
0.40825796675979
0.293407320193035
0.676292468816846
0.453361344537815
0.604878133947901
0.623289632520143
0.383024524709426
0.386899811791482
0.650328199407954
0.593276836158192
0.609455352968677
0.654509283819629
0.663048595930721
0.307692307692308
0.581606765327696
0.330808876163207
0.646585616645497
0.340260160846332
0.670756800160594
0.434759143896873
0.375577645874838
0.294667384260038
0.592907268170426
0.329065473983438
0.405172609920236
0.67411568872243
0.31537806003916
0.608569979716024
0.337278244631186
0.59844852678694
0.388374000661125
0.380073800738007
0.692972669088393
0.356005517116628
0.289264645356016
0.275617688192332
0.355907756557583
0.595481978918735
0.342424242424242
0.331383748994369
0.274876237623762
0.369117229633835
0.367114557116181
0.452453120986386
0.675674273858921
0.312781082988807
0.642073916301818
0.379679765785343
0.38348252344416
0.314727630599
0.630353867731147
0.564852607709751
0.318985021064129
0.292949622629932
0.368587812881442
0.564257369614512
0.618958953988745
0.287153652392947
0.530331210191083
0.322876983848068
0.331301410105758
0.279333412500495
0.429525040194528
0.677845610089164
0.618167442415563
0.601940149547751
0.372371993181388
0.431624409644544
0.3125
0.618734335839599
0.428681999115436
0.566175913006552
0.357556550219456
0.591378656181015
0.558783453501161
0.319076730528545
0.693142833580736
0.388439439458003
0.315974482153004
0.631340908456406
0.586700829899959
0.357738033879669
0.322474533106961
0.43337007295439
0.446401439719137
0.332603369232612
0.410426218373238
0.328411432428592
0.409932179393496
0.364834665859435
0.566190417285172
0.439744534189271
0.444388467677574
0.714285714285714
0.437846636122498
0.311049673082719
0.390562692982048
0.457099035933392
0.273990510930286
0.368587812881442
0.285188844971454
0.583050382831351
0.383927816065025
0.650677157625117
0.300510204081633
0.360246143422059
0.325834175935288
0.31355530581019
0.345323846764472
0.351180617488427
0.557243999740367
0.332655868562793
0.707666751852798
0.355988079716893
0.596177721453733
0.431985363819057
0.405282297484946
0.2926663197155
0.391158850637029
0.570017075656173
0.54358336786849
0.678354540196645
0.395780694828267
0.342537335279382
0.57568187208475
0.342973985176613
0.601026465175355
0.374610688331603
0.566175913006552
0.275910521582734
0.358732462506047
0.378797028806087
0.70613266583229
0.365591397849462
0.682881325081908
0.562057021049827
0.326086956521739
0.585540069686411
0.323558897243108
0.418448849188238
0.424637486573577
0.630450113448212
0.426829464213993
0.608658170914543
0.275309259180227
0.307944514501892
0.564769065520945
0.28144425832868
0.653213904015472
0.636520860572923
0.369565217391304
0.353670634920635
0.67519735166794
0.359694831917054
0.325950746431296
0.639607843137255
0.317041012595396
0.443845911288627
0.27283422459893
0.344457123771883
0.58851009511356
0.584204830419683
0.629195028114827
0.365666069295102
0.686314405867816
0.556393017781185
0.603033352755266
0.659069724302641
0.654613233923579
0.299880095923261
0.647527891604104
0.342075100730905
0.604179899443649
0.372811467025117
0.415876681251013
0.608154281844487
0.650242718446602
0.419621993127148
0.637979692399582
0.338501602564103
0.330193656166883
0.313299429804284
0.321908590555393
0.583552862662452
0.387747189519341
0.668322556260407
0.611907572946534
0.281840331086042
0.430869496105548
0.579066576931042
0.275737065227864
0.382386516250336
0.332603369232612
0.286085856535974
0.36560129406515
0.45907150075058
0.308322329221553
0.41678814382896
0.606845270773097
0.388439439458003
0.330699748013181
0.303936468204303
0.32809691629956
0.334998646420397
0.368587812881442
0.629597423510467
0.297232800203097
0.645349380696424
0.433998340488474
0.283745824476162
0.659787234042553
0.564108187134503
0.447705106138841
0.34979674796748
0.672355545200373
0.302906522277936
0.636754072508263
0.552357456140351
0.673247836594683
0.313299429804284
0.368892719376783
0.360659219177285
0.659106982126784
0.337858220211161
0.273953904136065
0.3381068605964
0.343134833233843
0.275876701236414
0.278936587103669
0.478661656661932
0.364635551714203
0.645161290322581
0.71103666000902
0.661460865337871
0.564148877941981
0.409090909090909
0.442833573470896
0.313303407467864
0.344447531721775
0.639607843137255
0.55510736196319
0.342075100730905
0.414524290606592
0.390017939861301
0.292273611066841
0.616272522522523
0.342453576539819
0.355118069815195
0.440015777726468
0.322732328850238
0.375145687645688
0.421037353220162
0.342537335279382
0.310372235267537
0.640323014804845
0.350235344458708
0.330699748013181
0.616143741179025
0.355890319157848
0.651424091978051
0.338300684696117
0.531782106782107
0.647084794589178
0.630788246223677
0.348623009407684
0.628989813242784
0.446515507649945
0.306709194409374
0.325259211528323
0.362339035978712
0.606060606060606
0.381705105445196
0.627899650309261
0.28144425832868
0.669630488391971
0.343033751150137
0.471071928351525
0.572064434082238
0.397282804648844
0.310086864616706
0.342973985176613
0.345843308454208
0.680993895477747
0.584761698606092
0.40902076318743
0.597919706057168
0.284032346491228
0.573623909760533
0.569548167584556
0.663915443743253
0.445672528904087
0.270370867145061
0.361605061605062
0.432111054413213
0.306439336596525
0.486787005440964
0.332845780174024
0.602302325917295
0.572297337542439
0.629461507778221
0.31936620802167
0.285
0.454034690799397
0.560346630114072
0.281120867768595
0.373815972295691
0.280139068997898
0.328411432428592
0.547876985209846
0.426399638582972
0.603807471264368
0.571965519919236
0.598710057488776
0.449792056560615
0.352941176470588
0.630643360683254
0.568069498069498
0.602753262223185
0.272727272727273
0.342886476972719
0.354433760683761
0.322859329104238
0.337278244631186
0.380245647388433
0.653702103140305
0.394616663277306
0.440155892620681
0.385809896081609
0.446148404415114
0.312160734720225
0.639109917826052
0.618310797943249
0.412397482357429
0.401071096076028
0.593801757171278
0.443452660745652
0.324923387500114
0.64363864214846
0.658965561062397
0.355273747470873
0.362756988321825
0.438379517698841
0.572713784731589
0.603920202479809
0.616978380233356
0.29171568627451
0.381959346685741
0.433024009427014
0.320068027210884
0.377551020408163
0.668835239394626
0.384226884226884
0.401960784313726
0.4419341894061
0.325764411027569
0.324923387500114
0.449738675958188
0.412834265378749
0.643511525120287
0.623697655541231
0.643198385107099
0.275073964497041
0.627686541519823
0.391920522217132
0.388584226958056
0.383586187937141
0.631761695906433
0.303878188443519
0.310130709119544
0.640745550016113
0.645619455795874
0.411764705882353
0.393870261250456
0.412834265378749
0.616952196739431
0.270370867145061
0.733333333333333
0.355890319157848
0.348732388680312
0.457706617483385
0.680958718891283
0.447313824678235
0.275073964497041
0.592418945452804
0.373117623117623
0.637009081983309
0.456726768377254
0.345695970695971
0.3950216884315
0.31040185516349
0.557325922826293
0.711625086625087
0.284811253561254
0.287615907229956
0.274376371170878
0.606060606060606
0.58859291084855
0.38089881275139
0.582636519722612
0.30756237006237
0.596177721453733
0.682881325081908
0.40655637254902
0.312781082988807
0.661651583710407
0.595972822174226
0.682337971101847
0.630643360683254
0.282382323913875
0.650677157625117
0.333333333333333
0.605213376871974
0.373299910402384
0.287296632959759
0.623207253411485
0.35
0.31999466453248
0.356005517116628
0.274793456166809
0.412834265378749
0.624235502517248
0.340544257142323
0.657209926224011
0.580264110232565
0.343258952760948
0.284083946078431
0.277988967900578
0.2771552531369
0.281585811163276
0.347259340059995
0.570396452790819
0.533067870354398
0.304414708280821
0.411158669237164
0.544362033376482
0.549091544374563
0.286745492166716
0.460688707833947
0.316273849607183
0.409843467790488
0.372577014464963
0.425224734895724
0.440765841025855
0.377322996237601
0.672372155392387
0.30736204954955
0.678691467420365
0.369262687519949
0.600380228136882
0.558761509239585
0.337786596119929
0.553166170845729
0.36280686425544
0.376326979260073
0.41820619059225
0.582146190998011
0.422535211267606
0.381639447914874
0.415291238944303
0.559008130527935
0.606611527257595
0.385649509803922
0.313496603828412
0.690868746637977
0.363134664323622
0.558761509239585
0.574225487064836
0.397282804648844
0.310372235267537
0.356090388484755
0.689898008742108
0.387449422769962
0.357578896740538
0.37714397726159
0.414520378118704
0.552095165972485
0.311683124021347
0.365174059517125
0.403371103042444
0.353584546766365
0.416108132260947
0.370256872465074
0.693142833580736
0.624235502517248
0.572985552822818
0.286070083267248
0.616433529548284
0.550641025641026
0.378397603267055
0.335368184789177
0.357525545928462
0.440015777726468
0.391168548227372
0.273182957393484
0.541923813577357
0.603484623015873
0.285714285714286
0.388538866021081
0.420769124931205
0.282877556048288
0.339067374366101
0.326792682146741
0.428907325839185
0.273600730899995
0.601366786922122
0.596114407934744
0.275166102089179
0.722497249724973
0.272727272727273
0.321119058662696
0.592394447657606
0.703254800022006
0.421920282096307
0.434316786472074
0.560209837446159
0.602276055617981
0.364207415880278
0.65012751107333
0.551582365948038
0.569453996637628
0.381376848646948
0.412950310559006
0.659516963772283
0.613200079160895
0.685426412378553
0.329020584051544
0.284262125902993
0.284517973856209
0.444116728547139
0.274612930310663
0.393601296227863
0.31355530581019
0.381674941352532
0.414954577218728
0.35557989511861
0.423170274659576
