0.574399154334325
0.469845760943942
0.493577959441178
0.248345609509916
0.491724030153785
0.429322036689961
0.444098782753685
0.498897178243382
0.467736288075741
0.377438937245113
0.331658548679202
0.467372365502615
0.545725366859751
0.464994701408989
0.461092476665271
0.394782229756051
0.478391764433582
0.369415690636872
0.489233797517165
0.422498989853479
0.567900881535024
0.489743268488429
0.386352278587291
0.436604978757366
0.47850416927323
0.455247406758964
0.402145710888213
0.292329865924843
0.347816188020086
0.401518500171091
0.394501978931597
0.515336700357163
0.524404722412586
0.370033349521202
0.416290062175689
0.478665591831876
0.474242677969944
0.447929586536786
0.422218145063541
0.462106210656393
0.393842061179149
0.620532739335648
0.391710904696865
0.545599741487492
0.632467124711874
0.561530016248773
0.453032058025342
0.249029182156166
0.383023469971893
0.377916249191478
0.397417899477876
0.432920761796697
0.440805646346765
0.43604040547523
0.419898857113659
0.231615784351922
0.687737646598755
0.480904385240599
0.509340947070136
0.397071003604884
0.524052715201348
0.391806137179684
0.528453198328666
0.493379347970421
0.398001550144428
0.434938920631927
0.352868407762588
0.347106109701603
0.362138384311223
0.309045056134454
0.371780680849548
0.312543435650578
0.467555353223074
0.429486545720676
0.50327952285515
0.511496780102716
0.482102093370728
0.366790494341576
0.523450006673917
0.505969143860249
0.43604040547523
0.465730205132032
0.379072211711224
0.520847573871741
0.557393999846529
0.294507751087505
0.647072441703966
0.224282753304743
0.436739601042534
0.310800818631518
0.452758074600748
0.434726704341426
0.354769781546595
0.462379627070595
0.553027976332889
0.410310937801021
0.439885233810239
0.379546699027519
0.50235827931042
0.526194375744739
0.421712282426014
0.557393999846529
0.506068273312081
0.444107429491897
0.447082418454044
0.466496491185234
0.39658801094627
0.493159818803237
0.436182436419965
0.533307065736795
0.52113806702447
0.357467897667372
0.449606527878503
0.318218165470638
0.467698590809084
0.412923279625945
0.5585330410826
0.555001604429203
0.521841271912775
0.440361351599667
0.508005041921629
0.578200083815863
0.623012180001577
0.221483596805328
0.435192788079114
0.410494280635143
0.540988631346512
0.458897185989996
0.380093908133118
0.509221770057681
0.379844829877426
0.452187492905083
0.271443827177218
0.452001155842158
0.514287699501973
0.467698590809084
0.374104792942024
0.551254296255549
0.390309107801571
0.31126379638282
0.397417899477876
0.413990651319074
0.391351920695673
0.528325249662754
0.387060470050701
0.414280500903174
0.548744108955272
0.415832927108277
0.35494351659992
0.388903355819976
0.47980769479379
0.348340101686661
0.345723745562718
0.396880606275561
0.608328059732691
0.384587643795642
0.386169927108107
0.280628018102579
0.23358019551078
0.455247406758964
0.404405355344747
0.392330970326261
0.455298696914737
0.616202693902716
0.340954756103472
0.229076974714126
0.643990143656445
0.255554725959448
0.436284666412115
0.521141635452784
0.412913241782194
0.498659672711762
0.339323555940451
0.345681483693352
0.530038247069529
0.243688991052071
0.456376390110877
0.372018691812631
0.359890021697504
0.41739445633872
0.378512696860696
0.352225316431073
0.26516916305066
0.456469600980374
0.461289870690497
0.602556140395344
0.282333544669477
0.453032058025342
0.321008477360566
0.412913241782194
0.406120121328723
0.384334599487439
0.443670821976837
0.277916307181611
0.407187192030835
0.354769781546595
0.666101672187272
0.314706384934484
0.384114334478362
0.574072388283678
0.48474074912085
0.243611558303995
0.509834353620203
0.489377503684791
0.387671209995214
0.42117659414527
0.59105250536206
0.466613220312831
0.470240741290639
0.523450006673917
0.577266518047675
0.42117659414527
0.597324690934338
0.449939484459949
0.447272092944908
0.470910979834461
0.452494017400898
0.496341631288199
0.478167771367662
0.34383389435167
0.630334259898297
0.363282408957548
0.393917030959399
0.424984714452151
0.496983705872534
0.42420422184611
0.530038247069529
0.514237666596989
0.491535505343587
0.368030250085782
0.626741982116131
0.495227670573512
0.675641828925344
0.525017315393627
0.421954621090492
0.410815017541235
0.43823465975199
0.254473332296458
0.444549058100809
0.496541843622837
0.437834313235869
0.350790361585903
0.455247406758964
0.471001614799715
0.481614088146042
0.391710904696865
0.395278425754809
0.564172779069519
0.446098651947725
0.406171388498212
0.443775470196682
0.446665797632125
0.276956047861671
0.528489905201127
0.458730774519141
0.218613741057647
0.528209650064063
0.380597921489257
0.271655482852581
0.377916249191478
0.318316626203552
0.504795327783111
0.397671784242966
0.478044678707897
0.526577890900391
0.413320114639148
0.407159645754738
0.485790233708607
0.453032058025342
0.479749630011505
0.434908130070349
0.243877333651017
0.417876750096731
0.392412988874371
0.432818350346533
0.397476476918153
0.495145167367932
0.516924928858195
0.352225316431073
0.557393999846529
0.407793334867571
0.397071003604884
0.369415690636872
0.520693312924261
0.464630084070843
0.617124773431712
0.384587643795642
0.346237826260185
0.471381393064592
0.370208738329217
0.533736472677376
0.331917589187352
0.331917589187352
0.502432395395489
0.327908483954182
0.393056077768839
0.53958163431674
0.34383389435167
0.532544439446839
0.44826721818033
0.455247406758964
0.421939901952095
0.379605174590196
0.337364280105612
0.454683478049053
0.498035246263749
0.548120915291818
0.368733381523095
0.390203785019371
0.607826867905861
0.378790819787038
0.518398381012265
0.487327247575474
0.339261647003428
0.338907630203593
0.505310387651291
0.391806137179684
0.552605002483903
0.360350869087508
0.338907630203593
0.387155462565594
0.529695803001296
0.379546699027519
0.501475752011398
0.511988920619744
0.661126310789641
0.411566685152763
0.472290137621565
0.404804345696334
0.585761144353199
0.505115738778692
0.577179478120245
0.313408907786507
0.357483734833877
0.499827096783726
0.507786408304702
0.471560518915782
0.347224576309117
0.496983705872534
0.248345609509916
0.425168458578832
0.361432583766544
0.378012727344093
0.668218285519805
0.478283330376163
0.407269827606898
0.632992213147126
0.416760477268263
0.387939151164694
0.337928995530651
0.433192802001453
0.549944876252814
0.336784770856736
0.388344231178086
0.329067675883559
0.453032058025342
0.417845111558701
0.395278425754809
0.421770640622781
0.444645889604801
0.277422223791517
0.575866245177089
0.390203785019371
0.456202868614757
0.507284714991859
0.582035381787966
0.545469219553077
0.497111750161217
0.417985372592385
0.384793523357286
0.472850289740579
0.509546178578136
0.519117366950245
0.450055660635716
0.380376964244354
0.474816527556535
0.397848881559391
0.237290709764589
0.226153985221839
0.371043596600244
0.236787693822219
0.441566835866596
0.490876411537301
0.40461241741899
0.364503385460194
0.456469600980374
0.394516466162125
0.266606491141779
0.490876411537301
0.52627477929344
0.336913340953796
0.455298696914737
0.523784566118716
0.331004722608241
0.387254043253648
0.363243662934678
0.604224071999095
0.390238895194563
0.530796654056029
0.492976753417362
0.380376964244354
0.48660305918097
0.258594020818061
0.522928125063064
0.48571582208423
0.333836099803116
0.575755437858864
0.478196702477785
0.417119728992964
0.428626320214867
0.453032058025342
0.454548434842372
0.48369032984469
0.371908942198781
0.330824552131834
0.391806137179684
0.452001155842158
0.352407674335715
0.395278425754809
0.388380239457115
0.5067528477203
0.451811634900188
0.429252216708339
0.384587643795642
0.436284666412115
0.391706918799499
0.456020046029565
0.265082697353039
0.388865368699599
0.387734500346235
0.61487907419221
0.399641004983677
0.289571448750191
0.545195423165813
0.285952754719409
0.466003151367638
0.243844605818818
0.421770640622781
0.50929691833409
0.453032058025342
0.36313581304484
0.430554802021969
0.573249317776986
0.550496679235816
0.522493767580019
0.414064814918751
0.471625893330585
0.205561858561458
0.510492944665097
0.525526329924348
0.397848881559391
0.568811325813859
0.35336619751515
0.430429134968157
0.376455105971083
0.251546713368294
0.526732517461255
0.453062644679396
0.457730574136553
0.320306524692977
0.368030250085782
0.479289639251928
0.318168969827187
0.349380447502413
0.44826721818033
0.323853135628425
0.555433001731452
0.472078249769679
0.494100901925993
0.537799891431307
0.428388902792047
0.383023469971893
0.501013186732943
0.451778429962242
0.501475752011398
0.596968766412993
0.530801955036549
0.411566685152763
0.456469600980374
0.390003072776643
0.571751500830974
0.36118361410437
0.628660868811628
0.436320888732273
0.423851641966732
0.313151606437081
0.478481357901159
0.417554919907143
0.496250772837801
0.603744441422619
0.341015470901178
0.495145167367932
0.389410994587405
0.491394905863182
0.368030250085782
0.369415690636872
0.554018866552112
0.468864743191615
0.391977171083241
0.212605493218289
0.393346480330976
0.531383531274547
0.406491686661748
0.397071003604884
0.23122157401692
0.434908130070349
0.442139278859588
0.329613317958077
0.500292060412117
0.401489628172772
0.52990397348022
0.392637943534408
0.431254904454018
0.348931944826765
0.516709710266048
0.51423076959834
0.354943276800127
0.372618769750283
0.401804073762688
0.485788109375299
0.548121207964355
0.350306475896803
0.512415561688372
0.430429134968157
0.371043596600244
0.303017464792269
0.463493200160394
0.588615664968124
0.533080113226029
0.467442896721744
0.398928432760114
0.502029172687309
0.40930981727346
0.493433486990657
0.452001155842158
0.462541308632587
0.385306254141164
0.472161512876237
0.492194075408529
0.316001927009319
0.61218449940551
0.51423076959834
0.393346480330976
0.493141554669899
0.388433734630263
0.388865368699599
0.367522312461802
0.453032058025342
0.510611502950386
0.425997401417897
0.467698590809084
0.439296346687902
0.439975647756402
0.323754501129914
0.445977500746043
0.46435571441288
0.454377259592591
0.685914500969898
0.505650681995381
0.420609627183211
0.448945776917155
0.512699124424875
0.232262068119665
0.352228943416388
0.336812671750718
0.421120680202494
0.422498989853479
0.523369887247008
0.353027314421768
0.378241027010283
0.401518500171091
0.415046252189448
0.470599139624109
0.395712642839592
0.457556141106139
0.379708622025529
0.604965631159543
0.374048360649323
0.490876411537301
0.492194075408529
0.390003072776643
0.305520526502459
0.420609295268415
0.464397403760494
0.495227670573512
0.587892033897416
0.456469600980374
0.391351920695673
0.488618650155805
0.369711692581451
0.492996834553994
0.415873029793285
0.436611220562529
0.333500419754904
0.374048360649323
0.378853663633514
0.602323474061831
0.369415690636872
0.612894963439892
0.467757134694804
0.375808965237823
0.505257491791638
0.321876329572079
0.46311211871111
0.440824065074083
0.592971884657667
0.456202868614757
0.488478235883238
0.300507844213878
0.398816469375545
0.534876584905968
0.309142883928622
0.566228631902229
0.514636223694053
0.432718542852282
0.392753998775145
0.525087848586657
0.323754501129914
0.399381696830373
0.561968699174735
0.338766782479457
0.483219290020031
0.348422801002523
0.377081304403361
0.46995389192204
0.434672872777451
0.562156325261861
0.411566685152763
0.596419318833176
0.481269781493584
0.496997432211641
0.573172220954721
0.516585972255827
0.348340101686661
0.51885602975848
0.393948685966341
0.532261963384325
0.356501585219892
0.490714029405799
0.562156325261861
0.54974179849975
0.502638510098478
0.503409641692753
0.425503048098879
0.4234968094565
0.391806137179684
0.374104792942024
0.490071611563069
0.350587043306448
0.552644180165045
0.487732055435328
0.4067531539457
0.447645453976898
0.467698590809084
0.247051622248381
0.387305550622554
0.360915763209454
0.265082697353039
0.414064814918751
0.466613220312831
0.351134238966715
0.350922961645524
0.464994701408989
0.44586768532909
0.371406079923679
0.372543919326104
0.382548838048396
0.404939164864973
0.447999070693333
0.530685002325516
0.394967404363336
0.515100103171859
0.389529733005115
0.346753858772865
0.520182286070628
0.453032058025342
0.488618650155805
0.414280500903174
0.554670585356644
0.308416686681572
0.577617043473228
0.38462680718272
0.575348908993084
0.408462020525667
0.471157860550364
0.368030250085782
0.569093879364449
0.389890218348776
0.255121954732747
0.398631918147717
0.323754501129914
0.315292627639542
0.239777116924637
0.413828029872899
0.351489625180504
0.515442863797891
0.604466825766348
0.56209971303643
0.493577959441178
0.455247406758964
0.472444675757853
0.313426922129264
0.370536616313247
0.528240511483057
0.467832554885566
0.352225316431073
0.390006536804834
0.34680134127764
0.344486640563283
0.525333957885656
0.424033515878025
0.376893705471459
0.567900881535024
0.411566685152763
0.393903206633718
0.492921309084263
0.444582903152811
0.399711890446494
0.616418136464951
0.439762825669123
0.342425241920536
0.491535505343587
0.35671948619715
0.493486102220127
0.411566685152763
0.49419615212868
0.494380672276371
0.542750353797451
0.421626228718045
0.53000075518695
0.418520042019275
0.367609331680042
0.407989291291869
0.456866960913287
0.519898509939647
0.354127514566562
0.531971525624809
0.2515362506122
0.546855368800165
0.333770715725525
0.46435571441288
0.469235284678058
0.425556292425421
0.393917030959399
0.426383954072685
0.395278425754809
0.550607307247451
0.4782272399909
0.45746987238169
0.523122352769495
0.31529418200009
0.467698590809084
0.486180484976177
0.574634592686359
0.455758802305067
0.237699595169729
0.430469789884544
0.521464803445601
0.385374010021086
0.456202868614757
0.359033297377884
0.499827096783726
0.505969143860249
0.510886372803808
0.401518500171091
0.320881576247552
0.466243415984215
0.486978959969479
0.237124966870764
0.414485397615062
0.317257733839871
0.388865368699599
0.416536046569292
0.534876584905968
0.469838106712644
0.497917373114603
0.50981447739584
0.421124956707842
0.391351920695673
0.51418253704051
0.484565322828859
0.450041764145816
0.227127281656641
0.378697293289581
0.356501585219892
0.380195141458685
0.379546699027519
0.385360687256289
0.565446555547762
0.338249213851779
0.491561178499901
0.353354099566761
0.494975145168077
0.374258424294637
0.599301754386523
0.559460664522227
0.37024864562505
0.455688783863148
0.468495721435066
0.526495482908096
0.369415690636872
0.529695803001296
0.536531348347401
0.331917589187352
0.460189425331084
0.456202868614757
0.470140962513421
0.493367261216752
0.552082198827553
0.363243662934678
0.4101558920465
0.406076160280597
0.337675795956129
0.414866397879258
0.646825874845836
0.390037192232436
0.435760642857693
0.413658644652763
0.346729426870979
0.421229406105113
0.491552912884872
0.448486604182564
0.538939855411243
0.424113342931402
0.538985798273921
0.330606817384689
0.515071323761781
0.368030250085782
0.404804345696334
0.437459079837002
0.454967952614555
0.348547519864718
0.379546699027519
0.51620631314817
0.553141415866422
0.432205956641992
0.477935759819971
0.466496491185234
0.499827096783726
0.2349111880459
0.658851601673035
0.43488731186646
0.428308523766907
0.490876411537301
0.560380642928253
0.473355383863859
0.261603669121243
0.496229139408382
0.422993409006112
0.554276614247466
0.499827096783726
0.315776101208982
0.46026260349815
0.410143156644989
0.474245797573168
0.637655540334684
0.333510957858465
0.267172419314433
0.222126468817998
0.499272392344393
0.421182598948827
0.381428384587408
0.492194075408529
0.339323555940451
0.514842420070437
0.521645171448391
0.453062644679396
0.361077893568721
0.577200220206007
0.547596322756733
0.650520618617703
0.494214348012611
0.245601001212525
0.508422494625921
0.401804073762688
0.496973407394266
0.359077186909553
0.353280465635931
0.509834353620203
0.424033515878025
0.360915763209454
0.379017144711018
0.224282753304743
0.46583677398046
0.481587212809473
0.419898857113659
0.546841453662916
0.514237666596989
0.369469973700812
0.35154421670953
0.232124301968431
0.331953373071545
0.237124966870764
0.417202415295988
0.432899811131798
0.446802598921742
0.362048281539492
0.479869064427033
0.472999269923245
0.465906279311413
0.313109397913635
0.451961983605082
0.361077893568721
0.429529244321434
0.47934184996972
0.354769781546595
0.456202868614757
0.395278425754809
0.57255180129183
0.392330970326261
0.575834861612584
0.441487057154738
0.492194075408529
0.4546048312455
0.396092141907772
0.467442896721744
0.35823237300239
0.360392875054325
0.456202868614757
0.402652302996311
0.455247406758964
0.363851308271553
0.487380202540314
0.470140962513421
0.449834041525896
0.353888216693131
0.362790811418331
0.595668929424061
0.410081917735851
0.463483644651106
0.447929586536786
0.439958593608674
0.388344231178086
0.424033515878025
0.556618293752277
0.414170088789146
0.379311046867783
0.41057742781802
0.504601398258288
0.51831373486399
0.445618777550236
0.43604040547523
0.30021480893011
0.353052595055686
0.42597366312252
0.447875410375632
0.679859885080435
0.47083677161711
0.477419581800357
0.304143687538561
0.46493942730105
0.507254699233719
0.380821823552711
0.342425241920536
0.392310490970484
0.534876584905968
0.350829319871017
0.308892309438107
0.441920135421313
0.487176659150099
0.274502004233098
0.412957811667052
0.393148934700095
0.280404597517895
0.508918070606882
0.363282408957548
0.394839356301824
0.266060316351778
0.473468150362466
0.478048498315578
0.247213526632107
0.643795360474485
0.2695521162258
0.379844829877426
0.465531510619918
0.570892701310624
0.381504755164368
0.461111763852316
0.453032058025342
0.483505883404561
0.458067739479419
0.594944823393664
0.518622977965849
0.439939409792755
0.482014057780229
0.458448166104629
0.571435783782384
0.48316930201215
0.477079735583342
0.353697877797289
0.352321657087882
0.324014693573872
0.508593634316324
0.278039642254036
0.380195141458685
0.38697940451011
0.414033728852983
0.474709600511464
0.391857359030685
0.487446197049096
