0.531359154195186
0.531217499019905
0.475130777550954
0.454124501449418
0.476387107419116
0.481105655634499
0.475433170195916
0.480294848002584
0.473429697628058
0.46689933209386
0.454260192437512
0.477180077580955
0.533166763730669
0.489077233416011
0.490521697391392
0.471304803091594
0.489053960057024
0.463141407087037
0.485288120045176
0.468435573504611
0.504750160202885
0.494643571503036
0.461880548229119
0.470538118589341
0.518274644444665
0.478678475252302
0.472268157283027
0.454827242733298
0.462569739911704
0.466617061548936
0.483829375404472
0.497533101145211
0.531396043762694
0.4639620798298
0.470168775316355
0.482666747878252
0.481421755557585
0.48991530488765
0.470203552950332
0.480525677337871
0.470027245042768
0.555443065338926
0.459337486787203
0.511472037005956
0.580182850671362
0.614457909527671
0.479074985447265
0.444608674706605
0.465702452771125
0.466138931076959
0.466600877380922
0.48640888325842
0.484956134663745
0.473033203479201
0.482264003625278
0.444770650022052
0.610889666782457
0.47839427090268
0.507513952723746
0.466923004276085
0.515807621411038
0.465180908435389
0.526673526150421
0.485496693996875
0.479077056513959
0.477742327576803
0.464575539123088
0.466284499452098
0.46286297881235
0.465488776760529
0.466080495136236
0.4479023567546
0.482532066569484
0.474899097909284
0.521777040911846
0.503980978265836
0.471874246968523
0.458559517155655
0.519940749454576
0.506745160454851
0.473033203479201
0.487977396784478
0.466153984499548
0.48172334622631
0.521763549202468
0.453551468148972
0.608324965563189
0.449791934832187
0.472086165254879
0.441866486198691
0.465641075569397
0.478740807005225
0.464415109065765
0.477065750866618
0.5438235774229
0.465746469505756
0.479746029899472
0.46480104562739
0.480232305363032
0.522079335367904
0.47627334280843
0.521763549202468
0.515556417038574
0.480180603943841
0.471045521553766
0.487810896172693
0.471814106514637
0.515994568497642
0.476852693655295
0.520210055512361
0.521273768121289
0.469703948057406
0.480601040795912
0.464693993274816
0.479928505188799
0.461842187285658
0.568408051303253
0.54023460537721
0.519373018783911
0.47244895267852
0.480599851264787
0.523587783062704
0.582485959857512
0.439527217758583
0.470376031880247
0.470635056714457
0.526335843936509
0.484186484031067
0.464619612550133
0.482686721039282
0.465932269912579
0.503379317364237
0.451520316991694
0.478872127827369
0.523231239690769
0.479928505188799
0.464246647265052
0.523129859417726
0.467359297790173
0.446757375232675
0.466600877380922
0.472061191748036
0.465279481204414
0.516258240541467
0.458272421381631
0.472230538334828
0.541910672212453
0.4702645272096
0.468094455018488
0.48003591087152
0.491730196002819
0.464849902369271
0.464667628726848
0.483589702753863
0.536855640074889
0.459166276787901
0.462341675459477
0.459510575010571
0.445366797274178
0.478678475252302
0.472235072347808
0.462761596090208
0.475666249698698
0.594880809751615
0.450327286159585
0.456520233303608
0.593887981018087
0.447415209568682
0.485347249347185
0.516724141298822
0.462092322540992
0.482214808862975
0.457538850093892
0.470587254813594
0.506538426639083
0.44235679404947
0.475023655431038
0.459524198060603
0.464659647158938
0.501767657264323
0.453909376248081
0.46579620169538
0.442785657161037
0.480422993779191
0.475101115318244
0.589437168841083
0.458751622826176
0.479074985447265
0.46242855903436
0.462092322540992
0.466261949402152
0.469239761415032
0.467891757693396
0.445586698282705
0.464745183669592
0.464415109065765
0.593208439681227
0.464117158917437
0.46103527834405
0.565007443140875
0.480722157090869
0.449528094812333
0.502255748414887
0.491675071827268
0.476498248248869
0.472303614374975
0.566683139967101
0.477461070034621
0.475166924721456
0.519940749454576
0.553894107711666
0.472303614374975
0.546596728304454
0.473884575792966
0.478949690788852
0.484354816326923
0.47293794506744
0.486676952092171
0.488277035559822
0.451727512245331
0.59671489390676
0.464837830041844
0.470708196998165
0.464736470294378
0.520166010104063
0.515510362482585
0.506538426639083
0.490902944763958
0.518766013626372
0.472109894396133
0.593401210219336
0.481764030848571
0.610590323543717
0.472763434432696
0.471738584676274
0.468477563885
0.473320869720834
0.456932034828441
0.471472757834784
0.482477442025354
0.474420982628309
0.46658759950555
0.478678475252302
0.514909468764931
0.490684869397954
0.459337486787203
0.464786638087581
0.525789971849647
0.487921677484712
0.472530979031971
0.481457080656429
0.475482602779549
0.458445953207966
0.519069466208428
0.48219382407296
0.446821191217709
0.528691744764781
0.467649019116211
0.444765092956078
0.466138931076959
0.468684381913283
0.488887709892013
0.457490103353546
0.479919182467769
0.602760857448475
0.473110708168801
0.470262785537976
0.491646807069668
0.479074985447265
0.479111823382826
0.467460208236803
0.453793094562257
0.466614845419803
0.46077286473693
0.476216821649223
0.47289239999552
0.489543018504679
0.484716115793314
0.46579620169538
0.521763549202468
0.463898574997411
0.466923004276085
0.463141407087037
0.529999806023792
0.494712012326853
0.597629772501831
0.459166276787901
0.455881488651557
0.473445981729072
0.4594246322325
0.53998647915656
0.4665742518519
0.4665742518519
0.543988092855272
0.452296663446359
0.471285613640766
0.481028203634336
0.451727512245331
0.531139588685455
0.473365028348235
0.478678475252302
0.470558901645074
0.464359903669144
0.454105023336189
0.477926132332972
0.48960223102377
0.496715184736451
0.458786891985063
0.461414055118507
0.523731066286798
0.472487002680186
0.51856367928295
0.498279728397986
0.455465393394856
0.464762598071569
0.534657047174687
0.465180908435389
0.505035588299264
0.470192279757143
0.464762598071569
0.472556857088391
0.509180156438684
0.46480104562739
0.489941276390058
0.485806920831693
0.582749129203941
0.466390926536357
0.508783693677914
0.483950606599536
0.554989910597456
0.485930524434361
0.545536034307484
0.4528594242959
0.466103374844762
0.480975551827577
0.519199352106528
0.476591794136664
0.467285813584148
0.520166010104063
0.454124501449418
0.46846113878587
0.459836090143703
0.465075074941706
0.587572291044912
0.482032636155473
0.470266134366796
0.594519330894761
0.466366193897815
0.459535816512777
0.463471009866623
0.472457528222837
0.544438193513379
0.451761857094571
0.461551646017239
0.464774727344799
0.479074985447265
0.47652753616552
0.464786638087581
0.46722350981772
0.477276611393453
0.458001716041965
0.525315591476843
0.461414055118507
0.479826916403896
0.485288975034526
0.530981957711035
0.510288600650069
0.485540034283261
0.512029898748593
0.457223301516651
0.483764915439718
0.520231228585332
0.494327519314425
0.474644330107621
0.472172959462033
0.492785679799787
0.463907582427681
0.445620345252301
0.443762927015173
0.457733828515307
0.442272167285098
0.474372191343152
0.488733021657618
0.464357268446904
0.459364390458638
0.480422993779191
0.466869878280807
0.451554573869523
0.488733021657618
0.570371310259602
0.457652731020753
0.475666249698698
0.483974326671653
0.471210421810969
0.462061925477947
0.457401211679361
0.54334239243568
0.469499324653268
0.524636098011838
0.478087603729646
0.472172959462033
0.480526403657266
0.44997682818748
0.507053181423535
0.479723944986068
0.464413984268783
0.576452069676383
0.48260736832303
0.514363580411594
0.470362448293483
0.479074985447265
0.470282805936546
0.481670528623244
0.468339950741404
0.469690934817974
0.465180908435389
0.478872127827369
0.457492824982488
0.464786638087581
0.463250623874719
0.518146166505591
0.470898980016754
0.46684434931003
0.459166276787901
0.485347249347185
0.469724559232016
0.472142279133547
0.452014147006523
0.465389295459291
0.466896459146444
0.598674796804672
0.471788220051576
0.449945984741267
0.518038704301397
0.457341765276507
0.475370950663213
0.449686046443394
0.46722350981772
0.509481278423523
0.479074985447265
0.457791086937583
0.472477974669426
0.563889734938223
0.529518017172598
0.518437586748099
0.466487736107274
0.467896214523117
0.448713068334018
0.491977596667108
0.522575375417961
0.463907582427681
0.525214928008658
0.46035226207014
0.466823988962277
0.482329890124016
0.442474500027654
0.510912479215596
0.477186767901627
0.472937229636358
0.473801088119164
0.472109894396133
0.487344029812324
0.465185044787204
0.462461493953924
0.473365028348235
0.45018325436363
0.521217921785103
0.486055988962668
0.521691693711369
0.557082374309306
0.472553961628024
0.465702452771125
0.516636737536201
0.478743284441293
0.489941276390058
0.570824092784776
0.518125678664184
0.466390926536357
0.480422993779191
0.464969794110842
0.519038147236393
0.464492286014801
0.59321488682336
0.477139671689618
0.475717569516082
0.456839661307644
0.489236023487691
0.480073766967295
0.524438077236689
0.55172783152498
0.460517581826311
0.489543018504679
0.461039709253623
0.50642573752716
0.472109894396133
0.463141407087037
0.582732005025267
0.512980024453444
0.4831743299117
0.43272923683028
0.472454384217146
0.508490555553587
0.483998296625148
0.466923004276085
0.444541259258588
0.467460208236803
0.472109101607315
0.475437682429806
0.531018646759167
0.461691123675173
0.534128980343019
0.47261797187307
0.473544965985426
0.459467131300624
0.524712878417332
0.478145928101544
0.457466876741989
0.490028364710476
0.465846486996535
0.485496986830469
0.535315022000496
0.45956028476031
0.517453073046525
0.466823988962277
0.457733828515307
0.448935877315003
0.514975005120073
0.576186361692627
0.52665709824272
0.489520326736616
0.482259050198766
0.516604865871539
0.464752135565268
0.499554292495187
0.478872127827369
0.490336715749798
0.465964910872436
0.486271315553004
0.490181582108214
0.461161009786987
0.579329005209778
0.478145928101544
0.472454384217146
0.512805305235676
0.471979597959471
0.465389295459291
0.467281910914557
0.479074985447265
0.486639298013989
0.461455571112701
0.479928505188799
0.469825592688848
0.477567376547366
0.462506314149299
0.496159348894092
0.493811516829597
0.48126935372782
0.596353212374013
0.481491937788465
0.46547183089259
0.474311127124955
0.483656609704132
0.449285862197893
0.463826471017975
0.477683027217768
0.464254678808485
0.468435573504611
0.51943236654872
0.465603622079317
0.461288260923307
0.466617061548936
0.463812739956153
0.475384808428688
0.471184479593562
0.484878490635417
0.46527603082508
0.55184341492622
0.459736935067418
0.488733021657618
0.490181582108214
0.464969794110842
0.458076852155098
0.472845664986351
0.489028023827839
0.481764030848571
0.560962336261128
0.480422993779191
0.465279481204414
0.477675303913921
0.467195432002669
0.507693238539973
0.468743526482405
0.485947416641083
0.457967594689853
0.459736935067418
0.472034664502913
0.53101457107852
0.463141407087037
0.593353396844392
0.475566977877215
0.455776063193464
0.496030740336374
0.463753675349682
0.480620703409566
0.474281671581347
0.51971570454494
0.479826916403896
0.525864528222093
0.449941916203796
0.465341039034173
0.490936411888986
0.449566427829378
0.551752807301654
0.486809113543379
0.467082760331971
0.472415658525687
0.48003457399553
0.462506314149299
0.461244876940416
0.574491670239803
0.465912313136747
0.485299234912737
0.460080355003636
0.472532988702396
0.514481682308104
0.478791013502977
0.521758115644274
0.466390926536357
0.564862948201719
0.4928536293644
0.490279413246214
0.527469332584452
0.511473610698753
0.464849902369271
0.502177819253336
0.466041498430172
0.521850161055882
0.466335297691752
0.472163910300675
0.521758115644274
0.525169220005442
0.482455304637082
0.508505188412425
0.476448937824422
0.477917877962732
0.465180908435389
0.464246647265052
0.48722868338236
0.461927852503028
0.518541054943684
0.514763309214593
0.517058872952362
0.477538048353255
0.479928505188799
0.442249712487111
0.47042588664689
0.465134542649658
0.452014147006523
0.466487736107274
0.477461070034621
0.467231814561079
0.472652787736659
0.489077233416011
0.52860787808055
0.470388829702955
0.472546208579052
0.461569407182809
0.473009035169289
0.513903772499333
0.520887009116696
0.474522992160206
0.530596694761552
0.471858621886445
0.456902650639352
0.518213776873603
0.479074985447265
0.477675303913921
0.472230538334828
0.518371552339553
0.462531806838437
0.54574182543793
0.479331096286873
0.549617487129528
0.468941468712328
0.492536333041699
0.472109894396133
0.528379493532003
0.469345803394264
0.451902928074662
0.464862368542089
0.462506314149299
0.458665762752131
0.451760659492083
0.468635482682578
0.461530730652204
0.489065909498722
0.590400449857705
0.543208828519768
0.475130777550954
0.478678475252302
0.479082519944183
0.456772494517196
0.463100503953005
0.552114430860847
0.479480501811661
0.46579620169538
0.465982825585243
0.472391029730892
0.454952531527474
0.51952187485028
0.474153084755868
0.458026112623347
0.504750160202885
0.466390926536357
0.46673194173857
0.485554667342867
0.474598950606668
0.465150943756926
0.548644779293233
0.474499244702927
0.459430674762377
0.518766013626372
0.463135139685399
0.516558346843211
0.466390926536357
0.500269873128877
0.516224703626764
0.535573005285863
0.465218687696373
0.523062055089838
0.472487013148766
0.464048349228164
0.477226692548669
0.474219886100587
0.51854360856234
0.470311829608034
0.546968448617618
0.453132875553674
0.579934349525604
0.454565291880335
0.493811516829597
0.483276802414144
0.483132194959858
0.470708196998165
0.490426590734894
0.464786638087581
0.535670814083069
0.478215763950583
0.483600664736891
0.533540002317211
0.459025154340173
0.479928505188799
0.483479581417226
0.523818562453305
0.471436182981599
0.449516943000659
0.474807319024104
0.486541884326648
0.458775818708112
0.479826916403896
0.46438814887802
0.480975551827577
0.506745160454851
0.534146962244967
0.466617061548936
0.475426627769578
0.472140124680936
0.481225752818269
0.451870670659351
0.472606506508036
0.453865906897505
0.465389295459291
0.471971210893655
0.490936411888986
0.476779553650315
0.474430514541719
0.49271036692042
0.48531488565099
0.465279481204414
0.537161966720916
0.517176287538759
0.489483061826781
0.442550218851702
0.466549646439291
0.466335297691752
0.464441751262813
0.46480104562739
0.464838754995243
0.523333227713246
0.4731205350712
0.474644433837197
0.46503143207788
0.472962241476403
0.457837122415615
0.579075294716978
0.518356609665735
0.461158102181027
0.476248106543242
0.474045603852737
0.485935082910184
0.463141407087037
0.509180156438684
0.534944559110623
0.4665742518519
0.521477522581779
0.479826916403896
0.480429269751766
0.48796467152403
0.520839137156314
0.457401211679361
0.465878831296861
0.485494381333383
0.455382044212284
0.481919859357248
0.597569020477169
0.478355564842746
0.476036247963419
0.466370376890495
0.45896496600407
0.475836674906525
0.489941241199247
0.484869369143882
0.519206537192447
0.515504315385808
0.58184219243782
0.454306846157601
0.510655894620667
0.472109894396133
0.483950606599536
0.476222337555207
0.49175349833759
0.46793307073908
0.46480104562739
0.524999345777109
0.518948987408156
0.465357035134019
0.477720220268286
0.487810896172693
0.480975551827577
0.440919852217697
0.608210792308676
0.481527775115724
0.475398501745105
0.488733021657618
0.526482175420316
0.474762617620149
0.458631188664431
0.47701443208645
0.472554537353513
0.519503814994099
0.480975551827577
0.464766379584731
0.481155297947302
0.46457634109825
0.468998079550302
0.592792739659136
0.473002589761202
0.456991079826217
0.444393029791428
0.491359020388953
0.473986314007783
0.469707080068681
0.490181582108214
0.457538850093892
0.520532931399312
0.516716038205188
0.477186767901627
0.466468942641653
0.546629622722264
0.508382280643328
0.582958473500165
0.499543235862938
0.459977402320617
0.518155885562915
0.465846486996535
0.507747061389131
0.46517564705319
0.464659147846786
0.502255748414887
0.474153084755868
0.465134542649658
0.467849164005246
0.449791934832187
0.474693713935012
0.488490189795455
0.482264003625278
0.545221846675898
0.490902944763958
0.466714175148844
0.457134015590536
0.44272781890427
0.45682143950011
0.451870670659351
0.465113933221588
0.4762634433749
0.485768550427353
0.467480839060689
0.477060415644153
0.485895163469338
0.52499466768464
0.458656388445959
0.477506990954572
0.466468942641653
0.483975942623804
0.488320176493455
0.464415109065765
0.479826916403896
0.464786638087581
0.529366798019036
0.462761596090208
0.528984797449264
0.472120889714176
0.490181582108214
0.467973497135482
0.467537030037672
0.489520326736616
0.463896199287117
0.462182135067926
0.479826916403896
0.474986276785014
0.478678475252302
0.464773987040982
0.477599492247013
0.480429269751766
0.472549168200149
0.468129271100956
0.457718977840068
0.525949254767242
0.473164093086478
0.4771568652669
0.48991530488765
0.484834202338385
0.461551646017239
0.474153084755868
0.505496571327413
0.466626290325256
0.460084216842533
0.459916243761325
0.516728962376187
0.517858949816326
0.480948746989408
0.473033203479201
0.456745013591913
0.466997305332069
0.485647569768085
0.476902612363899
0.584501300467153
0.476416561547397
0.486252026488409
0.452135581567123
0.483628391105473
0.49158876624934
0.481806508637286
0.459430674762377
0.46678252350984
0.490936411888986
0.466754418523178
0.454275182050207
0.465826094334515
0.517447538940058
0.453344588791429
0.487409032157272
0.472430843450119
0.450019911835004
0.53831510822756
0.464837830041844
0.478891936778454
0.461155140935492
0.484253096263738
0.473705643614815
0.454998573396213
0.597068239909051
0.452225439373497
0.465932269912579
0.481654493468574
0.576830551853063
0.461437774049343
0.472566870798817
0.479074985447265
0.478635497403918
0.483745259627495
0.519614739797609
0.51944960355048
0.49769192163171
0.476993427839546
0.472583980393178
0.580391965149224
0.480254593294557
0.519918738460913
0.470352629908218
0.454564984515339
0.468557997471622
0.499316648555401
0.449909844706173
0.464441751262813
0.47043049382729
0.47261939020844
0.481494319297264
0.465010113308702
0.473608051589169
