0.531270123607636
0.530996989526682
0.474772708928406
0.453611908086966
0.476471935439978
0.480570180249382
0.474949450782059
0.480073487764896
0.473067901755732
0.466740724709071
0.453859756823436
0.476888061549368
0.532936979877995
0.488857326265544
0.490634181053691
0.470896852918391
0.489602411118381
0.46288939798134
0.484954887784614
0.468227554270815
0.506841366081355
0.494398326061001
0.461795799935462
0.470041057035028
0.518886999422611
0.478491478457528
0.47175363309574
0.454286826624164
0.462296471831128
0.466406249805914
0.483689537335508
0.495643192686256
0.53104034724262
0.463627616843277
0.469914869051453
0.482169798925927
0.48085845990068
0.489819633095983
0.46999161432156
0.479755598803541
0.469720745614811
0.557516261873366
0.459168569770155
0.512044108325856
0.581197650963202
0.614791842037566
0.478840379078701
0.444177619073319
0.465502340205674
0.465946546750359
0.466467605358561
0.485917523843878
0.484619089216882
0.472651990099599
0.482097316958653
0.444504944630909
0.610862725683521
0.478139315077132
0.507391700489356
0.466767300421395
0.5163722163437
0.465023654098885
0.525844954059133
0.485088893644384
0.478948387677153
0.477522339972399
0.464457522368919
0.46595502943803
0.462756278843804
0.465209539100813
0.465811423549625
0.447512050539056
0.482158787042284
0.474669193261987
0.52115247154586
0.501386181282611
0.471450771274542
0.458082227598829
0.519459320108752
0.506869048338019
0.472651990099599
0.487720231799516
0.465830100815633
0.481522264638966
0.522341591784528
0.452975298442553
0.608513900456119
0.449270465905949
0.471688481674368
0.441960939808838
0.465287830838705
0.478536741085924
0.464086952180222
0.476681160469364
0.546636939045105
0.465619427912486
0.479670946399526
0.464622617648891
0.480002666222072
0.521389018559278
0.476159080822896
0.522341591784528
0.515119542026293
0.480183867235247
0.470621228265199
0.488520909868436
0.471560363556549
0.515183659332862
0.476894887342546
0.519723786711706
0.521023893391039
0.4694588645971
0.480580371232936
0.464250444034616
0.479786025794373
0.461540884595589
0.567897296949967
0.54215943490987
0.519648575125022
0.471999533128268
0.480753896155938
0.524220203140795
0.583285038314884
0.438830214824873
0.469922736968647
0.470343879635908
0.525959314619558
0.484417866633621
0.464408951591835
0.482555257329781
0.465804703647468
0.50650569000755
0.450956068083638
0.478548038013585
0.522635258675844
0.479786025794373
0.464113999201119
0.521745498971952
0.467046321565986
0.445975662755596
0.466467605358561
0.471854616432825
0.465141391932703
0.515885780255641
0.457974171986498
0.4719112629598
0.541837520739602
0.469845071447109
0.467699534835355
0.47977471335872
0.491523554406708
0.464719346313054
0.464479862671474
0.483395570975821
0.537918419602507
0.45884906614359
0.462114585898451
0.459074180119434
0.445113709655326
0.478491478457528
0.471936819864698
0.462586513653029
0.475243882600335
0.595918727838093
0.450063055691943
0.455932306214713
0.595211545649152
0.447056734645892
0.485420500133683
0.516210717849891
0.461998739536417
0.481923184465831
0.457283774720204
0.470389475898676
0.505648202634957
0.441926888972979
0.474774620993008
0.459304379816537
0.464259626569975
0.500849798377961
0.453576894323825
0.465496079638172
0.442383798032481
0.480257926601609
0.474703541304115
0.58943869148924
0.458993557920903
0.478840379078701
0.462011464684539
0.461998739536417
0.46601242172315
0.469013518014084
0.467573237344555
0.445289259966942
0.464182371663474
0.464086952180222
0.59307399315794
0.463912430531272
0.460907954116679
0.56750214694162
0.480410663368263
0.449032726763215
0.499528786413586
0.492790333682671
0.476856814890924
0.4718403782417
0.568373860815106
0.477204239434141
0.474655508080119
0.519459320108752
0.555415986491145
0.4718403782417
0.545545723336857
0.473553522741473
0.478939488609414
0.484024251251253
0.472741863240959
0.486265037009342
0.48791783652636
0.451354599644666
0.596999574748019
0.46457351144971
0.470411366939479
0.464531831900772
0.519799361802128
0.515154819495177
0.505648202634957
0.490789885130713
0.518418326341085
0.471637207929437
0.594027743771233
0.481505280604389
0.61100811621604
0.47211134588809
0.471364295995271
0.468251909757282
0.472868533836436
0.456714806306085
0.471114688651986
0.48225442331642
0.473903351064386
0.466494508816077
0.478491478457528
0.515363173559472
0.490214327814493
0.459168569770155
0.464624306330404
0.524757308734447
0.487871624369867
0.472085152072961
0.481282258637137
0.474952370632204
0.457931459885371
0.518838376161629
0.482046798199027
0.446466823898463
0.527510068173977
0.46740375205618
0.444434682377057
0.465946546750359
0.468944609882876
0.488749705876553
0.457091553721771
0.479766086376122
0.602098673041786
0.472560764562303
0.470252306122604
0.490766526273224
0.478840379078701
0.478978647320158
0.467236321889838
0.453596886803236
0.466356461014337
0.460404134568549
0.475895627235273
0.472686446840051
0.489637694539012
0.484749427099406
0.465496079638172
0.522341591784528
0.463590130830028
0.466767300421395
0.46288939798134
0.529929746908536
0.493101550613127
0.597568267793865
0.45884906614359
0.455792225056889
0.472846580982864
0.45918482655504
0.540250347397121
0.466329071785591
0.466329071785591
0.543103475508156
0.452169352758843
0.471051222272966
0.481036716030921
0.451354599644666
0.530997765185592
0.473017066632443
0.478491478457528
0.470365551483733
0.464195156346379
0.453604200105511
0.47758098084409
0.489216741335871
0.498244223125723
0.458529396085748
0.461105272656752
0.524011840078301
0.472139331620737
0.51820113527842
0.494293924171859
0.4552273641376
0.464558771526682
0.535226173092791
0.465023654098885
0.505340244773019
0.469828758078173
0.464558771526682
0.472066187938924
0.510078344285684
0.464622617648891
0.489417898898701
0.485783422347272
0.583335166928367
0.466271848758703
0.508772218944412
0.483995158274584
0.559409124757403
0.485690551772497
0.546528336270312
0.452276227622749
0.465855600122323
0.480743667997895
0.518822135373806
0.476712040401178
0.467096538708023
0.519799361802128
0.453611908086966
0.468205781212883
0.459661835567164
0.46480312289941
0.588194120330769
0.482473547112193
0.469825889733094
0.594473557476981
0.466068028460666
0.459334869664246
0.463442257926094
0.471970424898078
0.543150809498837
0.4519700277315
0.461423877979767
0.46445877450186
0.478840379078701
0.475961328829754
0.464624306330404
0.467007975185462
0.477043625589176
0.457504104004778
0.525808949979471
0.461105272656752
0.479601923254713
0.485382679458251
0.530837757711202
0.510996118377728
0.48507358079754
0.511718222976742
0.456697215539329
0.483500957088536
0.518990270646626
0.494300278380191
0.474192066219012
0.47182294018756
0.492126907514184
0.463718902716862
0.445320237807438
0.443412854519546
0.457497408173831
0.441951545746871
0.474023112154273
0.488371762296405
0.46406248333246
0.459060015106643
0.480257926601609
0.466655258700883
0.450976708667281
0.488371762296405
0.570158054154499
0.457420731865889
0.475243882600335
0.48353449850382
0.47095829805991
0.462041030869131
0.457028262695851
0.544826438497162
0.469632189443634
0.523482989569575
0.477780326226165
0.47182294018756
0.48019973412899
0.449573143547224
0.507893109813157
0.479660457502741
0.464019431404766
0.577360810830887
0.482689360337924
0.513731250788473
0.469835559482224
0.478840379078701
0.469867113752572
0.481517398663137
0.468138246969877
0.469314438201545
0.465023654098885
0.478548038013585
0.457077777434379
0.464624306330404
0.463023068138144
0.517714866416496
0.470496775691099
0.466824549531752
0.45884906614359
0.485420500133683
0.469322196897681
0.471334452759284
0.451335369736122
0.465266946307504
0.466639368090014
0.598564625747184
0.471661665319305
0.44952725722019
0.517513716664179
0.456925726325567
0.474879158067727
0.449134016156519
0.467007975185462
0.509276922389354
0.478840379078701
0.457481249012439
0.472526131849468
0.560793885441704
0.529376275632169
0.518634776270616
0.466314631720319
0.467528515854423
0.448406594782105
0.491860652067238
0.522242696061664
0.463718902716862
0.525876550718956
0.460389874622246
0.466652571337017
0.482246273574195
0.442015470879486
0.511580654905978
0.476848205389753
0.472646444706281
0.473259789104049
0.471637207929437
0.487148234004277
0.464934446789123
0.462372184800604
0.473017066632443
0.449796962189593
0.521759141223068
0.485978246628476
0.520695696105625
0.556562881409828
0.472177359997363
0.465502340205674
0.516560472288342
0.47815210960083
0.489417898898701
0.571563352945813
0.517969605567889
0.466271848758703
0.480257926601609
0.464827762899902
0.520082491375306
0.464374409884612
0.593714604905382
0.47665588160898
0.475319099220399
0.456413318443721
0.488886846128016
0.479459614061882
0.52385184251038
0.554075083131661
0.460326260545252
0.489637694539012
0.460849333164189
0.506427961989888
0.471637207929437
0.46288939798134
0.58330712621368
0.512724024763512
0.483078482658356
0.432481545669063
0.472175260420525
0.508327817713437
0.484311341308604
0.466767300421395
0.444198000101522
0.467236321889838
0.471611809183143
0.474887472543069
0.530968007834688
0.461471368155102
0.533332844152419
0.472287635594639
0.4732434183534
0.45931534537247
0.523687710280569
0.477862770711662
0.457252147833033
0.489124013217858
0.465608880466188
0.485233017064014
0.535108913439126
0.459411491259268
0.51715973168814
0.466652571337017
0.457497408173831
0.448620257465518
0.514327086351104
0.577700925844901
0.525860313919771
0.489317292136992
0.48185406254883
0.516394065284243
0.464676400079193
0.496711969003453
0.478548038013585
0.490481863769203
0.465648000006418
0.486092132916345
0.489908114134728
0.460872694131063
0.580628113160733
0.477862770711662
0.472175260420525
0.511739512194366
0.471778118877018
0.465266946307504
0.467085838231435
0.478840379078701
0.486474326479084
0.461442889474992
0.479786025794373
0.469576060063121
0.477859988061011
0.462357864301106
0.498847583720845
0.492786557670986
0.481056957958306
0.597345567368827
0.481193529181491
0.465323892610879
0.473953425497304
0.483265030691384
0.448953033465646
0.463641826225402
0.477616372898236
0.463859702750679
0.468227554270815
0.51914713360094
0.465336136933356
0.461516667524513
0.466406249805914
0.463429539540339
0.474851432802011
0.471379154700671
0.484697575693758
0.464991934099112
0.553070204216855
0.459641310743541
0.488371762296405
0.489908114134728
0.464827762899902
0.457685575617512
0.473061277128657
0.488628512342954
0.481505280604389
0.56380542438621
0.480257926601609
0.465141391932703
0.477381207721018
0.46696244125666
0.507424191818317
0.468489408349686
0.485906855171473
0.457474118712836
0.459641310743541
0.471666274184112
0.531096825773632
0.46288939798134
0.594328236811108
0.475232049319477
0.455591380504375
0.494608897329035
0.46350370199398
0.480333909096533
0.473840000192727
0.520178153438958
0.479601923254713
0.524898877054926
0.449366406098773
0.465023752758998
0.490754503532674
0.449217425769668
0.553655932411303
0.486426010714302
0.466831250802655
0.472083374200756
0.480292753861352
0.462357864301106
0.461255366638506
0.575223707098999
0.465883698020143
0.484666943782525
0.459708381079218
0.472256457013602
0.513875559797778
0.47891668351736
0.521286675761618
0.466271848758703
0.568047456078123
0.492082815669275
0.489972936189936
0.526945838079082
0.512292476789823
0.464719346313054
0.498796581001391
0.465825794593373
0.521560555318251
0.466151114168253
0.471776267844062
0.521286675761618
0.524547790041616
0.482333472776882
0.509945228616604
0.476091973307719
0.477616786616377
0.465023654098885
0.464113999201119
0.486989916712669
0.461516631008233
0.51806490173581
0.515120609768871
0.516277198279476
0.47727179536726
0.479786025794373
0.4418758021451
0.469950865953018
0.465039658686674
0.451335369736122
0.466314631720319
0.477204239434141
0.466976231861449
0.472247632428417
0.488857326265544
0.528100086321583
0.470112799227311
0.472150292224429
0.461469657677823
0.472587239943239
0.513343509549497
0.520711078322033
0.474597172885908
0.529557574398085
0.47142267091821
0.456642063350555
0.518490096582925
0.478840379078701
0.477381207721018
0.4719112629598
0.517829871248812
0.462283405169091
0.544839377570836
0.478991011042479
0.551834110523839
0.468815759488212
0.492680657475336
0.471637207929437
0.527792686824916
0.469379343217883
0.451693861137481
0.464581718577789
0.462357864301106
0.458127397153542
0.451145926714288
0.468369796812351
0.461318180048313
0.488584422245099
0.59118662717904
0.544211315959636
0.474772708928406
0.478491478457528
0.479207468028548
0.456442030517662
0.462778741536386
0.553688652042069
0.479327669687035
0.465496079638172
0.465701025947254
0.471967959267663
0.454569752527695
0.519750592623665
0.473744966487483
0.457655642252654
0.506841366081355
0.466271848758703
0.466457393348796
0.485375605782456
0.474761087896446
0.464899027159002
0.548475254288134
0.474426836888163
0.459145375638462
0.518418326341085
0.462839175979222
0.516856486324457
0.466271848758703
0.500721030905309
0.515128986727048
0.535536518740213
0.465088841328418
0.522647305406504
0.472114621190124
0.463754235889984
0.476923446767886
0.473751266856892
0.518426151136602
0.469939372891196
0.545791163552811
0.452547738700057
0.581111856368074
0.454153786186557
0.492786557670986
0.4829498270518
0.482724068327878
0.470411366939479
0.489793644466353
0.464624306330404
0.539457026045944
0.477995518280911
0.483508163552817
0.534113151424632
0.458580684054525
0.479786025794373
0.483066847718375
0.524313255140761
0.471619612680534
0.449139108783892
0.474286536993936
0.486865036614178
0.458539975892533
0.479601923254713
0.464273562970615
0.480743667997895
0.506869048338019
0.533015119210212
0.466406249805914
0.475218977483101
0.472452330823124
0.480913646668639
0.451430428884873
0.472219493479022
0.453235220685978
0.465266946307504
0.471555690748606
0.490754503532674
0.476858644746305
0.473803010775148
0.492609996522931
0.485006000368798
0.465141391932703
0.536716951762723
0.517271077100628
0.489227764508151
0.442338932510641
0.466362706555481
0.466151114168253
0.464204949436357
0.464622617648891
0.464579939980902
0.523682590983752
0.472573872600212
0.474278327478711
0.464822702495946
0.472609400832931
0.457385809314217
0.581685761152241
0.517834124282177
0.460971655456965
0.476078861514742
0.474167192880546
0.486045607430704
0.46288939798134
0.510078344285684
0.535458691709535
0.466329071785591
0.520895187592476
0.479601923254713
0.480277145070076
0.487415651480043
0.52026996996007
0.457028262695851
0.465663876813521
0.485362689214942
0.455184978640181
0.48156682818046
0.597527486210202
0.478164970410706
0.47621064273155
0.466031910833149
0.458686149749154
0.475493800447933
0.489584503182623
0.48523226157449
0.5185006274333
0.515045717119989
0.581484060752572
0.453781430223355
0.51140391747851
0.471637207929437
0.483995158274584
0.475974025683714
0.491319858568661
0.467533550837053
0.464622617648891
0.524176764243989
0.518701347447948
0.464809676026401
0.477488516201489
0.488520909868436
0.480743667997895
0.440379115998154
0.608736622738037
0.480894527365523
0.475114292937292
0.488371762296405
0.526680157511049
0.474304567336427
0.458288361541841
0.476602952290924
0.472120879924711
0.519358494911368
0.480743667997895
0.46436842244807
0.480372744416522
0.464256250696923
0.468966491707821
0.59368820323757
0.472714285628498
0.456674955649941
0.444012962421349
0.490681074150641
0.4735102244888
0.469386358188272
0.489908114134728
0.457283774720204
0.520439943612619
0.517048512749117
0.476848205389753
0.466303451217026
0.545931987146333
0.508487848202573
0.582548163841239
0.496946205628061
0.459789919741651
0.517774133584842
0.465608880466188
0.50759568956314
0.464886143138481
0.464588406701152
0.499528786413586
0.473744966487483
0.465039658686674
0.467402601395662
0.449270465905949
0.474254964215951
0.488784401171137
0.482097316958653
0.544393853789234
0.490789885130713
0.466655229077667
0.456849951132943
0.442590174855213
0.455987921114148
0.451430428884873
0.464842950505441
0.476128361919403
0.485734010755291
0.467230976319464
0.476732826049316
0.485496596710966
0.52512780328793
0.458231195175298
0.477142933074106
0.466303451217026
0.483482003189879
0.488193266085236
0.464086952180222
0.479601923254713
0.464624306330404
0.529132354870243
0.462586513653029
0.52902370155421
0.472355952368585
0.489908114134728
0.467565600197776
0.467386431817466
0.489317292136992
0.463597378153784
0.461862072204258
0.479601923254713
0.474729900750036
0.478491478457528
0.464493378685393
0.477933957126591
0.480277145070076
0.472157793603249
0.467816320550624
0.457612686221442
0.526409345447906
0.472857411900226
0.476783871757955
0.489819633095983
0.484880624531952
0.461423877979767
0.473744966487483
0.506471605078768
0.466428945681339
0.45989656935326
0.459815667920334
0.5169116790777
0.517744794606938
0.480695829965852
0.472651990099599
0.456507606385997
0.466826727907674
0.485546008365165
0.47668067149119
0.585186314455917
0.475808148216798
0.48620352735556
0.45152116755121
0.483681052007109
0.491620294333822
0.48157405816776
0.459145375638462
0.466696469065223
0.490754503532674
0.466456880659467
0.453690611139168
0.465595036065405
0.5169020720914
0.452739676308718
0.487223934261297
0.472438564512957
0.449418778192835
0.537693091595719
0.46457351144971
0.478841444586375
0.460910812937115
0.484030537023846
0.473359278247542
0.454291945907943
0.596826522449379
0.451712350178755
0.465804703647468
0.48154415529167
0.577373306333872
0.461314512495228
0.472111723213472
0.478840379078701
0.478295527207948
0.483602714979255
0.520150422286707
0.519077604722956
0.495355768967579
0.477048664535972
0.471939105220228
0.579673061479166
0.479578490134289
0.51977905619221
0.470228505503774
0.454032152411463
0.468388969205224
0.497406711466786
0.449285648069509
0.464204949436357
0.470146560372017
0.472112693703748
0.481309715552034
0.465017968188151
0.473302334960709
